100
5.690681E+04 2.178833E+05 1.828239E+05 -8.361461E+02 -2.331083E+03 -2.089971E+03 7.205539E+20
2.836428E+05 2.570685E+05 4.131500E+05 -2.478186E+03 -2.717831E+03 2.519558E+02 7.980262E+20
-2.330938E+05 3.204510E+05 -1.882146E+05 1.650922E+03 -1.958319E+03 -3.946248E+02 3.307996E+20
-5.905100E+05 2.664288E+04 -5.986935E+05 -2.094976E+03 -2.419144E+03 2.212979E+02 9.856106E+20
-3.287061E+05 -3.542546E+05 -4.182704E+05 8.266608E+02 1.318094E+03 -6.569366E+02 7.052023E+20
-1.583104E+05 1.575922E+05 -5.160188E+05 2.993952E+03 1.560036E+03 -2.502477E+02 4.013859E+20
5.829537E+05 5.545223E+05 -1.169758E+05 -2.857578E+03 7.919827E+02 2.276431E+03 4.385103E+20
-6.726897E+04 5.063682E+05 -5.105197E+05 2.679314E+03 -2.078180E+03 -1.091208E+03 2.063917E+20
-3.653939E+05 2.577292E+05 4.118706E+05 -8.505342E+02 2.835324E+03 2.742550E+03 2.640204E+20
-4.130390E+05 -5.422183E+05 -2.795117E+05 6.233910E+02 -1.162784E+03 -8.701434E+02 1.836397E+20
-2.868594E+05 -2.408088E+05 2.756276E+05 -5.104786E+02 -1.230933E+03 -2.674901E+03 2.555139E+20
-2.517875E+05 -1.211197E+05 4.372222E+05 1.482012E+03 2.846492E+03 -4.751780E+02 9.942797E+20
-2.955430E+05 -4.398579E+05 -1.710301E+04 -2.443952E+01 2.416423E+03 -1.028387E+03 5.672031E+20
3.727731E+05 3.155846E+05 -2.373328E+05 3.853691E+02 2.022851E+03 1.558565E+03 5.305604E+20
-2.517801E+05 -2.579210E+05 1.183746E+05 -2.886428E+03 2.978443E+03 6.521334E+01 4.404774E+19
-5.011725E+05 -3.650124E+05 3.529448E+05 4.082860E+02 -1.604656E+03 1.418139E+03 1.159368E+20
-1.450833E+05 -1.563012E+05 -1.975078E+05 1.164673E+03 -2.125095E+03 2.867140E+03 1.575959E+20
2.953198E+05 -2.637457E+05 1.542754E+05 2.942482E+02 2.732179E+03 -2.315283E+03 3.499814E+20
1.989493E+04 6.612577E+04 9.590240E+03 -1.480937E+03 2.028564E+03 9.097346E+01 3.988262E+20
2.495510E+05 -2.182337E+05 -2.182539E+05 2.086408E+03 2.460352E+02 -1.385720E+03 7.033397E+20
2.151772E+05 -1.820019E+05 -5.729456E+05 -1.489477E+03 -2.127139E+03 -5.635738E+02 8.423568E+20
-2.049754E+05 5.317774E+05 -5.402741E+05 2.447512E+03 -2.712819E+03 -1.039700E+03 7.715003E+20
9.715241E+04 1.288636E+05 5.714940E+05 -2.291839E+02 -2.406558E+03 2.999071E+03 2.252641E+20
-2.683627E+05 -4.697047E+05 4.054233E+05 1.645981E+03 -2.509578E+03 9.935788E+01 6.195298E+20
-2.386285E+05 -1.231543E+05 3.954909E+05 2.589947E+03 5.116194E+02 2.574778E+03 4.575912E+20
5.336962E+05 3.404036E+05 1.367101E+04 1.279303E+03 1.069251E+03 2.124034E+03 4.372680E+20
-1.704365E+05 1.269023E+03 -3.896579E+05 3.610052E+02 -2.237615E+03 2.922419E+03 4.106928E+20
-3.216750E+05 -7.033110E+04 1.123197E+05 7.053074E+02 1.439273E+03 1.157489E+03 4.365214E+20
3.916724E+05 -4.992663E+05 8.340471E+04 2.363053E+03 2.565565E+03 -2.149052E+02 4.634118E+20
-2.998085E+05 -1.491781E+05 3.216668E+05 3.446138E+02 3.971205E+02 1.649117E+03 8.753090E+20
-2.079257E+05 -2.244881E+05 3.311129E+05 -2.253528E+03 -7.829419E+02 -1.682512E+03 6.279168E+20
4.331583E+05 1.592778E+05 -1.965085E+04 -5.115923E+02 1.861261E+03 7.082931E+02 4.283675E+20
4.753592E+05 4.944148E+05 -4.338982E+05 -1.362504E+03 2.683208E+03 2.899401E+03 8.339262E+19
-5.524571E+05 4.416380E+05 -5.449441E+05 1.938586E+03 -1.307040E+02 2.138497E+03 3.697809E+20
-5.297743E+05 5.294296E+05 -3.718100E+05 -2.700266E+03 7.835991E+02 -1.668925E+03 6.027637E+20
4.823558E+05 -7.700358E+04 -5.571969E+05 1.794931E+03 2.929146E+03 7.059845E+02 4.333617E+20
-2.538816E+05 5.531851E+05 -4.636694E+05 2.387919E+03 2.485364E+02 -3.075242E+02 6.413600E+20
2.098429E+05 -3.939293E+05 2.384936E+05 2.704152E+03 -2.334759E+03 -1.132616E+03 1.706324E+20
5.239209E+05 2.440278E+05 -1.780699E+05 2.369755E+03 -2.109943E+02 2.408119E+03 2.329244E+20
4.315526E+05 4.947703E+05 1.262873E+05 2.937873E+03 1.094918E+03 -1.331656E+03 4.957808E+20
4.017646E+05 -4.372194E+05 2.361553E+05 -1.520027E+03 1.576166E+03 1.531875E+03 1.925189E+20
5.358331E+05 2.378102E+05 9.232658E+04 -3.544341E+02 -2.246467E+03 -1.850240E+03 3.982841E+20
-4.941194E+05 2.508998E+05 4.863988E+05 -2.049002E+02 -2.331641E+03 8.659449E+02 8.960373E+20
-1.357884E+04 -1.398100E+05 -5.703246E+05 1.001123E+03 -2.976014E+03 2.998649E+03 3.823131E+20
5.054684E+05 -2.224971E+05 1.358223E+05 7.271704E+02 1.518852E+02 8.155000E+00 7.039102E+20
1.124243E+05 -2.941707E+05 1.208751E+05 -2.559097E+03 -2.924323E+03 1.780473E+03 2.173680E+20
3.791204E+04 -2.385605E+05 -3.059174E+05 3.980563E+02 -2.031773E+03 -9.323445E+02 2.595872E+20
4.532882E+04 -1.500648E+05 4.429840E+05 -5.230989E+02 2.812251E+03 2.486688E+03 2.168435E+20
-1.004632E+05 2.796573E+05 5.238247E+05 1.532835E+02 -8.974462E+02 4.946740E+02 6.241944E+20
-3.679497E+05 -5.181419E+05 -1.606385E+05 -4.324146E+02 1.572420E+03 -2.905437E+03 2.571656E+20
-4.511941E+05 -9.060068E+04 2.626523E+04 -2.637580E+03 1.230414E+03 -1.002509E+03 6.815257E+20
-3.360726E+05 3.702286E+05 2.740973E+05 2.768599E+03 -2.065149E+03 2.578509E+03 4.560177E+20
4.002972E+05 1.664005E+05 -1.263512E+05 -2.629243E+03 1.068707E+02 1.689480E+03 9.299752E+19
-3.278107E+05 3.231933E+05 4.168606E+05 2.681920E+03 -5.797408E+02 2.441991E+03 6.848668E+20
-5.151766E+05 -5.210407E+05 -1.234316E+05 -1.298466E+03 1.383513E+03 1.482986E+02 8.285204E+19
3.879537E+05 3.944088E+05 4.890246E+05 -3.173549E+02 -2.243174E+03 -2.008755E+03 9.060318E+19
4.435830E+05 -6.350744E+04 1.870942E+05 2.125761E+03 -1.661142E+03 2.231378E+03 6.423805E+19
-4.373735E+05 5.617191E+05 -3.322055E+05 2.093846E+03 -2.268056E+03 -8.635683E+02 3.928757E+20
2.932656E+05 -2.400581E+05 -2.158606E+05 -8.013636E+02 2.090741E+03 -9.037679E+02 4.538758E+20
3.385296E+05 -1.443472E+05 -5.780289E+05 1.206094E+03 -6.747607E+02 -2.021310E+03 8.066119E+20
-1.970150E+05 -4.547549E+05 -2.354961E+05 -1.413708E+03 4.703614E+02 -1.008577E+03 8.433467E+20
-1.572411E+03 -5.223822E+05 1.204622E+05 2.272953E+02 5.536316E+02 2.563891E+03 6.701961E+20
-5.345280E+05 -6.922946E+04 -5.361290E+05 2.268139E+03 4.216331E+02 1.152815E+03 2.255920E+20
4.870217E+04 -5.942351E+05 -2.013244E+05 2.151470E+03 -9.424044E+02 2.435152E+03 5.046913E+20
-3.743289E+05 -2.524980E+05 2.803787E+05 -1.252027E+03 -8.895373E+02 -1.343176E+03 2.761915E+20
5.424417E+05 -2.321754E+05 -1.046825E+05 -1.781800E+03 2.978711E+03 3.068026E+02 6.068005E+20
3.468283E+05 -3.404137E+05 3.357306E+05 -1.036868E+03 1.714817E+03 -8.578510E+02 5.905409E+20
-3.992641E+05 5.005321E+05 -3.054520E+05 -2.272291E+03 9.115484E+02 -1.720380E+03 4.935831E+19
3.170837E+04 4.469979E+05 9.857982E+04 2.548746E+03 -2.740599E+03 -1.715451E+03 8.660634E+20
-5.254630E+05 3.327662E+05 1.586693E+05 1.695211E+03 2.218501E+03 1.052104E+03 2.442046E+20
-2.697888E+05 5.308756E+05 -5.661999E+05 2.664579E+03 2.589301E+03 -2.499692E+03 1.311326E+20
9.840530E+04 1.557203E+05 5.308482E+05 -1.405684E+03 4.564050E+02 -2.990182E+03 4.296280E+20
-2.411648E+04 -2.190927E+05 -5.286763E+05 9.694991E+02 1.089431E+03 -2.519264E+03 3.567764E+20
1.318819E+05 -1.423967E+05 -2.216195E+05 -8.811398E+01 -2.888691E+03 -2.609821E+03 8.665241E+20
5.460461E+04 2.822077E+05 -1.365528E+05 4.099356E+02 -2.009753E+00 -7.739705E+02 4.779584E+20
1.445019E+05 3.685308E+05 4.538041E+05 -2.900488E+03 6.004033E+02 -1.812582E+03 3.337014E+20
-5.986896E+05 -2.518993E+05 2.882626E+05 2.122733E+03 -1.516100E+02 -2.678727E+02 5.815950E+20
3.969835E+05 -1.279866E+05 4.856544E+05 1.687448E+02 1.936248E+03 1.519334E+03 2.190783E+20
-7.388378E+04 3.066406E+05 3.271009E+05 1.579276E+03 -2.146660E+03 -2.403235E+03 5.721841E+20
5.099859E+05 3.607075E+05 3.770386E+05 -7.186514E+02 2.398943E+03 1.408645E+03 8.929438E+20
3.102343E+05 1.789172E+05 1.186010E+05 -2.065338E+03 6.492426E+02 -9.718772E+02 7.966237E+20
-3.769986E+05 -4.599258E+05 -4.404350E+05 2.832312E+03 1.141105E+03 1.676199E+03 8.495555E+20
-4.314860E+05 3.115758E+05 -4.050889E+05 2.964298E+03 -1.897529E+02 2.133345E+03 4.883421E+20
5.266397E+05 4.474452E+04 5.724344E+05 -1.497923E+03 2.329194E+03 2.964120E+01 1.140210E+20
5.509237E+05 -4.667252E+05 -2.708522E+05 -1.385668E+02 -2.503723E+03 -4.835953E+02 2.773823E+20
7.887142E+04 -1.774554E+05 6.941153E+04 2.130321E+03 -7.206761E+02 1.716883E+03 9.387371E+20
1.095158E+05 -5.806938E+05 2.308620E+05 -1.216416E+03 -1.270582E+03 -2.467035E+03 5.205851E+20
-3.913333E+05 -2.190406E+05 2.334897E+05 -3.939748E+02 -1.703487E+03 3.410835E+02 3.290959E+20
3.134713E+05 -1.054977E+05 2.188073E+05 -7.177414E+02 -2.094430E+03 -2.713465E+03 1.477983E+20
5.352299E+05 -2.193933E+05 5.291697E+05 -2.723325E+03 2.922234E+03 4.142520E+01 7.658988E+20
-4.464906E+05 2.235425E+05 -4.475537E+05 2.152294E+03 -1.933528E+03 2.137005E+03 2.260088E+20
-1.836148E+05 3.330667E+05 -1.864972E+05 -2.803863E+03 -7.950164E+02 -1.371372E+02 7.151024E+20
9.058662E+04 -3.634140E+05 1.393223E+05 2.625749E+03 -5.549628E+02 2.930687E+03 2.290228E+20
1.340611E+05 3.956843E+05 4.956466E+05 1.450151E+03 -1.935408E+03 -1.554512E+03 3.902407E+20
5.702449E+05 -8.403565E+04 -7.575858E+04 7.100513E+02 -1.990919E+03 -2.787204E+03 7.707329E+20
-5.537805E+05 5.087195E+05 5.534057E+05 -2.137041E+03 2.359507E+03 -2.724460E+03 8.198996E+20
2.631925E+05 4.325156E+05 5.895451E+05 -2.650526E+03 -2.603643E+03 2.873448E+03 6.587142E+20
-3.432124E+05 -4.317864E+05 -1.052871E+05 1.019576E+03 -9.993250E+02 5.731775E+02 9.447485E+20
-1.291504E+05 -1.889190E+04 2.196734E+05 1.073928E+03 2.207610E+03 -7.184800E+02 4.584580E+20
-8.883626E+04 1.987097E+04 3.468448E+05 1.508720E+03 -8.318948E+02 9.781217E+02 7.329610E+20
