10
-3.346257E+05 -3.050466E+05 -2.820038E+05 8.604167E+02 5.755734E+02 -1.992642E+03 3.606203E+20
-2.545547E+05 -1.747608E+05 5.960100E+05 9.607218E+02 -1.794463E+03 2.639803E+03 9.761049E+20
1.115515E+05 2.339179E+05 -4.989177E+05 -9.555799E+02 -1.567825E+03 -1.213429E+03 8.877626E+20
3.534176E+05 1.612735E+05 -5.885728E+05 1.921015E+03 3.516409E+01 2.457876E+03 4.465785E+20
-4.336645E+05 1.809336E+04 3.494714E+03 8.666085E+02 -1.635268E+03 2.331487E+02 4.574816E+20
-3.205650E+05 -1.639012E+05 1.594490E+05 -1.240872E+03 -6.018203E+02 -9.671488E+02 6.194663E+20
5.415882E+05 -4.448029E+05 -4.999183E+05 -1.489194E+03 -1.794286E+03 -6.156950E+02 1.188581E+20
3.261194E+05 2.671663E+05 7.024507E+04 1.799501E+03 1.556283E+02 2.745451E+03 3.764144E+19
-3.102840E+05 5.739078E+05 4.236380E+05 -1.371538E+03 -1.527901E+03 2.140127E+03 5.576007E+20
3.398015E+05 -1.735964E+04 5.709784E+05 2.547741E+03 1.519965E+03 -1.788848E+03 3.099833E+20
