1000
2.853570E+05 -3.527520E+05 4.880636E+05 -1.220413E+03 2.152267E+03 -8.804525E+02 6.988388E+19
1.883735E+04 2.731454E+05 -9.507089E+04 -9.933855E+02 -1.269728E+03 2.406410E+03 2.240231E+20
-8.448735E+04 -2.164087E+05 3.776042E+04 2.776663E+03 -9.740582E+01 -1.204035E+03 8.212866E+20
-5.723364E+05 2.432117E+05 -3.410458E+05 -2.583995E+03 -2.239615E+03 1.205315E+03 8.953144E+20
-5.187919E+04 -6.525812E+03 4.102801E+05 -2.038473E+03 -2.768487E+03 -3.362686E+02 7.868270E+20
9.574568E+04 -4.248201E+05 -2.459071E+05 9.049315E+02 2.309027E+03 -2.785496E+03 7.238953E+20
1.197426E+05 4.049412E+05 -1.138465E+05 2.170270E+03 1.936967E+03 -1.748401E+03 1.688326E+20
3.509580E+05 1.172126E+05 -2.799975E+05 6.060587E+01 1.423444E+03 2.258734E+03 1.613756E+20
2.305371E+04 -7.811833E+04 4.665124E+05 -1.581538E+02 -2.439498E+03 -1.034226E+03 7.858823E+20
-1.408801E+05 -1.115829E+05 2.076865E+05 1.193019E+03 -1.707510E+03 1.271043E+03 2.520683E+19
-2.766901E+05 -1.862105E+05 2.528152E+05 1.442462E+03 -6.525153E+02 1.494041E+02 5.008966E+20
4.782594E+05 -3.106367E+05 -7.102601E+04 6.736988E+02 -6.968857E+02 1.783893E+03 2.392251E+20
4.218969E+05 -2.877079E+05 2.858209E+05 -2.427384E+03 -1.502435E+03 9.723586E+02 6.573235E+20
-5.758710E+05 -4.371193E+05 3.281412E+05 -1.329679E+03 -1.371235E+03 -2.319303E+03 5.246576E+20
5.473972E+05 4.793478E+05 -4.358705E+05 -2.305406E+03 6.301541E+02 1.976243E+03 6.572234E+20
4.991992E+05 -1.293025E+04 1.999639E+05 -2.829510E+03 -7.623892E+02 -1.599214E+03 1.802483E+20
1.645918E+05 -2.300092E+05 -2.550444E+05 -2.880621E+03 1.578759E+03 1.799996E+03 5.718933E+20
1.806330E+05 -3.678153E+05 9.724963E+04 6.583130E+02 3.053251E+02 -1.612099E+03 8.227914E+20
-2.557868E+05 5.530526E+04 8.664087E+03 1.252997E+03 2.698571E+03 -2.207577E+03 6.219827E+20
3.105966E+05 4.983965E+05 1.565022E+05 -2.286285E+02 2.280968E+03 -1.879346E+03 5.495667E+20
-4.402800E+05 5.901525E+05 5.467898E+05 -2.826470E+03 2.508337E+02 -1.191917E+02 7.192464E+20
-1.092182E+05 -2.425435E+05 -1.345558E+05 -2.707992E+03 2.710030E+03 2.363578E+03 1.681915E+19
-9.013007E+03 -8.035167E+03 -3.699485E+05 -1.446985E+03 1.641236E+02 -2.399104E+03 8.530402E+20
4.064776E+05 1.505977E+05 -1.995817E+05 -7.944702E+02 1.943814E+03 1.157619E+03 1.513184E+20
5.446012E+05 1.829221E+05 -7.261311E+04 -6.545310E+02 1.987541E+03 2.914558E+03 9.979250E+20
5.852700E+04 -4.060293E+05 5.497439E+05 8.814664E+02 2.829202E+03 1.854138E+03 7.210672E+20
1.201805E+05 -1.892460E+05 -1.721485E+05 1.243713E+03 1.992475E+03 2.262812E+03 7.798864E+19
3.149508E+05 3.446112E+05 -3.602720E+05 -1.940256E+03 -6.720630E+02 -2.314734E+02 4.670351E+20
3.038199E+05 5.876250E+05 -3.483808E+05 -1.683836E+03 -1.037737E+02 -1.047199E+03 9.449618E+20
1.923564E+05 -4.012792E+05 4.978501E+05 -1.032958E+03 -1.919536E+03 -9.621949E+01 5.894068E+20
4.533492E+05 1.475930E+05 -2.981867E+05 1.286801E+03 1.637256E+03 1.746865E+03 4.630230E+20
4.314900E+05 -3.643927E+05 6.871165E+04 -1.685578E+03 1.629185E+03 2.474414E+03 8.684668E+20
-1.052540E+05 3.913902E+05 -2.403967E+05 -1.002588E+03 -2.177423E+03 1.478087E+03 2.222474E+20
2.893970E+05 -3.046504E+05 3.093869E+05 1.980643E+03 -2.255588E+02 1.575470E+03 8.847550E+19
1.414957E+04 -3.286809E+05 2.246053E+05 2.016275E+03 -2.161362E+03 1.876208E+03 2.089141E+19
4.934429E+05 -4.522184E+05 -1.079464E+05 1.057728E+03 -2.777226E+03 -2.209985E+03 3.170079E+20
1.022960E+05 2.968501E+05 2.271299E+05 1.712773E+03 5.034204E+02 1.055098E+03 2.596835E+20
-1.635294E+04 1.742589E+05 1.690407E+05 -2.220668E+03 1.944009E+03 9.252855E+02 9.640238E+20
3.705373E+05 -5.180462E+05 -2.067498E+02 7.140539E+02 -7.970678E+02 1.898736E+03 3.847932E+20
-4.307417E+05 9.478710E+04 -4.079534E+05 5.798545E+02 -1.154995E+03 1.166104E+03 6.670540E+20
-4.068871E+05 -5.149223E+05 -5.801680E+05 2.178347E+03 -1.192217E+03 -1.600975E+03 5.082724E+20
-2.247181E+05 -1.855451E+05 -3.282790E+05 2.783956E+03 -1.168385E+03 -1.846405E+03 5.047964E+20
3.401623E+05 -5.982050E+05 4.914627E+05 2.360306E+02 2.009964E+03 -1.929469E+03 3.062711E+20
-4.941941E+05 7.169020E+04 2.911402E+05 1.226066E+03 1.282566E+03 -2.453893E+03 2.902065E+20
-5.279995E+05 7.594342E+04 -3.179989E+05 8.872037E+02 2.297129E+03 2.030579E+03 4.245990E+20
-1.408519E+05 -1.452534E+05 -3.385062E+05 -2.820622E+03 -1.663788E+03 -1.077927E+03 5.813979E+20
1.814121E+05 -2.125955E+05 -1.281486E+05 7.338204E+02 1.930638E+03 1.041864E+03 9.636287E+20
5.694658E+05 4.160634E+05 -4.067152E+05 2.906075E+02 2.660478E+03 -2.525478E+03 8.219747E+20
-3.212671E+05 -3.965936E+05 -5.303400E+05 -7.518909E+02 1.443731E+03 -7.639147E+02 3.381306E+20
4.458883E+05 -1.787724E+05 5.692287E+05 -9.686975E+02 2.906307E+03 -2.560972E+03 9.756403E+20
-3.910867E+04 4.573060E+05 5.538497E+05 -1.534117E+02 -3.976853E+02 2.857791E+03 1.768296E+20
-4.855966E+05 -2.750407E+05 4.805794E+05 -1.130041E+02 -2.000848E+03 2.271259E+03 7.301179E+20
-7.749493E+04 -3.496771E+05 -2.326330E+05 -1.122152E+03 1.056492E+03 2.490259E+03 5.575819E+20
-5.325902E+05 -4.097180E+05 5.790120E+05 2.588714E+03 1.155099E+03 -7.143468E+02 3.013668E+20
2.452708E+04 1.123477E+05 -2.423584E+04 2.192690E+03 2.678306E+03 -1.839968E+03 1.293093E+20
5.877237E+05 3.583980E+03 4.717813E+05 -1.362262E+03 -2.844637E+03 -9.858623E+02 2.675798E+20
-2.274863E+05 -6.929849E+04 -1.052820E+05 6.264535E+02 2.967598E+03 5.690775E+02 8.369781E+20
-3.730931E+05 4.575278E+05 -7.537002E+04 -2.153179E+03 4.884012E+02 4.378067E+02 7.825033E+20
4.737300E+04 4.364720E+05 -2.888947E+05 -1.284492E+03 -1.341145E+03 -6.026745E+01 4.560820E+20
-1.344183E+05 -2.251991E+05 -2.504056E+05 -8.313549E+01 2.736680E+03 -2.478118E+03 6.842052E+20
-3.380493E+05 3.952826E+05 -3.712612E+04 -2.908297E+03 -7.756862E+02 -1.188333E+03 3.777042E+20
4.197946E+05 -5.583548E+05 2.853811E+05 2.686561E+03 -1.247032E+03 -8.269675E+02 3.917744E+20
-4.771314E+05 9.881491E+04 3.595425E+04 -1.293054E+03 -2.674717E+03 2.130475E+03 5.929273E+20
4.011931E+05 -4.277645E+05 2.954811E+05 3.867589E+01 -1.122936E+03 -2.376233E+03 4.313404E+20
-2.985345E+05 -2.516601E+05 4.418543E+05 1.493881E+03 -8.499414E+02 -5.714676E+02 4.659527E+20
-1.838212E+05 -4.609707E+05 2.024437E+05 -1.644644E+03 -1.335886E+02 1.817725E+03 7.277451E+20
-5.249673E+04 1.870672E+05 -2.056233E+05 2.559845E+03 6.845600E+02 1.929969E+03 2.584428E+20
3.146238E+05 -3.415826E+05 5.506577E+05 2.539036E+03 1.496795E+03 -6.007806E+02 1.169290E+20
1.232121E+05 -1.727269E+05 4.403794E+05 2.837350E+03 1.346140E+03 1.618100E+03 5.540997E+20
-4.295468E+05 -1.955285E+05 -8.626832E+04 7.436252E+02 1.464018E+03 -3.326641E+02 4.519745E+19
-1.968008E+05 5.424944E+04 -3.177970E+05 7.832008E+01 -1.142032E+03 -2.604224E+03 2.959816E+20
3.062827E+05 1.166866E+05 5.060415E+05 -1.545828E+03 -1.970802E+03 3.433845E+02 7.597581E+20
-4.211995E+04 2.707950E+05 -2.013859E+05 -3.062055E+02 1.261660E+03 -2.984131E+03 3.936286E+20
-4.505163E+04 -3.496543E+05 -5.431543E+05 6.063024E+02 -1.924564E+03 -1.125366E+03 7.232286E+20
4.537524E+05 3.499965E+05 6.024297E+04 9.685647E+02 4.665196E+02 2.180064E+03 3.516662E+20
-1.501085E+05 -1.519765E+05 -6.948400E+04 2.373209E+03 -1.100266E+03 -2.433474E+03 9.651892E+20
-4.851863E+05 -5.572436E+05 -5.641918E+05 -1.771574E+03 2.231941E+02 1.121420E+03 7.033579E+19
1.918130E+05 -5.168777E+05 5.957177E+05 1.006984E+03 -2.116957E+03 -2.283253E+03 3.574979E+20
5.003499E+04 1.138148E+05 -8.456056E+04 -2.600186E+03 6.338382E+02 -1.252389E+03 5.947286E+20
5.738240E+05 -2.824440E+04 5.532959E+05 7.851990E+02 -2.088142E+03 2.177232E+03 2.680872E+20
-4.744377E+05 2.877591E+05 1.699232E+05 9.503945E+02 -2.373043E+03 1.996282E+03 9.820618E+20
-3.619828E+05 3.096444E+02 2.720994E+04 -2.428509E+03 -8.565195E+02 -2.889407E+03 4.226308E+20
-4.682375E+05 1.883053E+05 -5.102375E+05 -2.850249E+03 -1.665949E+03 -4.603547E+02 3.989941E+20
4.414632E+05 1.332598E+05 2.426006E+05 -4.488225E+02 8.865286E+02 -1.333330E+03 6.365113E+20
1.793290E+04 -3.050660E+05 -2.752073E+05 1.897575E+03 -1.791392E+03 2.183488E+03 4.644069E+20
4.694018E+05 -3.863138E+05 -8.595215E+04 -2.617832E+03 -2.871852E+03 1.291599E+03 3.236003E+20
-1.912248E+05 4.519680E+04 4.130219E+05 -2.985127E+03 -2.479815E+03 1.461088E+03 5.318336E+20
-3.878605E+05 -5.272808E+05 -4.024405E+05 -2.186734E+03 1.681585E+03 2.245084E+03 1.930238E+20
3.932981E+05 -4.987748E+04 4.847391E+05 -1.264665E+03 2.229996E+03 -1.634704E+02 1.221235E+19
-9.198549E+03 3.660655E+05 1.351578E+05 2.283052E+02 2.697810E+03 -2.938612E+03 6.253004E+20
-3.267631E+05 5.570299E+05 -3.275164E+05 -2.984830E+03 -2.696499E+03 2.052045E+03 5.300255E+20
4.888216E+05 3.156064E+05 -3.168830E+05 -2.123491E+03 8.574744E+02 2.402828E+03 5.833769E+20
3.178325E+05 -2.965813E+05 4.889559E+05 -7.117805E+02 -2.146430E+03 2.218719E+03 4.443962E+20
3.001914E+05 -5.747489E+05 2.055197E+05 -5.332845E+02 -7.314001E+01 -2.814640E+03 7.033048E+20
-2.748970E+05 -3.739509E+05 -9.522083E+04 -2.361049E+03 1.059851E+02 -9.863327E+02 8.786460E+20
-4.791578E+05 -4.081499E+05 -5.207522E+05 -9.738412E+02 -9.886789E+02 1.118944E+03 2.533545E+20
9.070632E+04 -3.160954E+05 5.497866E+04 -1.232721E+03 -2.847811E+02 9.267418E+02 7.314510E+20
-4.044520E+05 1.954671E+05 3.256843E+05 2.073827E+03 -8.401792E+02 2.439680E+03 3.080937E+20
-1.074532E+05 5.670721E+05 5.230175E+04 4.247019E+02 1.616481E+03 1.404656E+03 3.906731E+20
1.386046E+05 4.917687E+05 5.014820E+05 2.143526E+03 2.862424E+03 1.971800E+02 7.458647E+20
-1.727045E+05 2.604478E+05 2.822219E+05 -1.012064E+03 7.122161E+01 -1.405239E+03 2.604397E+20
8.155893E+03 -5.497822E+05 -4.503410E+05 2.281278E+03 1.450485E+03 2.144885E+03 8.842513E+20
-1.648153E+05 2.519355E+05 1.903951E+05 1.658613E+03 1.996071E+03 1.673969E+03 2.065022E+20
-5.147703E+04 -2.163097E+05 1.371410E+05 2.444385E+03 -2.464421E+03 3.754011E+02 5.567001E+20
-1.258901E+04 -4.008192E+05 1.447273E+05 -1.444158E+03 -1.808530E+02 2.747366E+03 2.435152E+20
-1.328078E+05 4.885236E+05 7.332956E+04 2.334853E+02 7.341391E+02 -1.911668E+03 3.474467E+20
-4.003813E+05 -8.637024E+03 -1.236985E+05 -2.213888E+03 1.016349E+02 1.755748E+03 5.954187E+20
5.919605E+03 3.926867E+04 3.520930E+05 2.319068E+03 2.212649E+03 -1.259153E+03 1.177965E+20
-2.951417E+05 -3.855853E+05 -2.829349E+05 1.119510E+03 2.812994E+03 1.986306E+03 1.756725E+20
5.734764E+05 4.361888E+05 4.733348E+05 1.101051E+01 -8.519492E+02 2.673496E+03 9.275176E+20
-2.062649E+05 -4.212829E+04 -3.522324E+05 -2.665074E+03 -1.254864E+03 -1.759235E+03 1.839482E+20
8.941433E+03 -3.046081E+05 2.630208E+05 -9.314987E+02 -2.315886E+03 2.361514E+03 3.675523E+20
5.189686E+05 2.602359E+05 -5.425179E+05 -9.440371E+02 2.673639E+03 2.236002E+03 5.307173E+20
-3.869291E+05 -2.679672E+05 -4.390752E+05 -2.293326E+03 1.825871E+03 -1.839909E+03 1.534075E+19
-3.689148E+05 5.297523E+05 1.732355E+05 1.852492E+03 1.848448E+03 -2.981513E+03 9.823045E+20
2.912528E+05 5.432731E+05 3.623153E+05 -1.975998E+03 -2.822622E+02 2.087130E+03 9.861312E+19
5.780207E+05 3.108548E+05 -8.188235E+04 -1.160191E+03 -2.303187E+03 -7.278924E+01 8.227689E+20
-4.034801E+05 2.955346E+04 2.656912E+05 2.653408E+03 2.895662E+03 1.897068E+03 6.656557E+20
-2.573927E+03 -3.880741E+05 5.262864E+05 2.017225E+03 -1.003570E+03 -7.132879E+02 7.412381E+20
-5.787278E+05 1.634821E+05 2.871751E+05 1.952001E+03 9.225615E+02 1.558535E+03 7.030124E+19
2.459596E+05 -2.780377E+05 5.828033E+05 -1.392850E+03 -7.518006E+02 1.459985E+03 7.761847E+20
-1.417945E+05 -1.587583E+05 4.402873E+05 -2.816697E+03 2.118319E+03 1.642714E+03 8.905170E+20
6.433400E+04 -5.538757E+04 -4.990872E+05 -2.762443E+03 -5.972040E+02 1.386848E+03 5.129633E+20
2.968148E+05 4.290330E+05 -1.050002E+05 -6.066930E+02 -2.661283E+03 2.982817E+03 8.693413E+19
-1.128678E+05 4.311382E+05 -1.244898E+05 -1.852636E+03 2.154397E+03 1.135233E+03 6.410550E+20
-4.494013E+05 4.683740E+05 2.251149E+05 -1.605942E+03 2.382616E+03 -2.994829E+03 1.301608E+20
-3.182345E+05 3.592022E+05 -7.958134E+03 -2.606106E+03 -2.851077E+03 -2.920893E+03 4.153903E+20
3.822858E+05 -4.518512E+05 -3.342588E+05 -2.192384E+03 2.114436E+02 2.631409E+03 6.016280E+20
2.364062E+05 -2.232006E+05 5.137889E+05 -1.259720E+02 2.769297E+03 1.595282E+03 3.512695E+20
-2.567032E+05 4.996620E+05 5.739168E+05 -2.187898E+03 1.713064E+03 -1.129041E+03 9.402938E+20
5.487383E+05 -8.638762E+04 -1.255457E+05 -2.136742E+03 -2.588880E+03 -2.450892E+03 9.727642E+20
-5.686500E+05 -1.006634E+05 1.030230E+05 2.978320E+03 -2.165534E+03 -3.108722E+02 5.818136E+19
-4.697347E+05 -3.373713E+05 4.271320E+05 8.746539E-01 2.210442E+03 2.556508E+03 8.115122E+20
-3.402182E+05 7.514213E+04 -2.152519E+05 -2.942922E+03 -2.407495E+03 -7.425309E+02 8.783138E+20
-2.218158E+05 -7.758691E+04 -5.016611E+04 8.857779E+02 -1.452821E+00 -2.588723E+03 3.719137E+19
2.676109E+04 -2.078327E+05 5.987909E+05 1.408683E+03 -2.602076E+03 5.367151E+02 7.885238E+20
4.014423E+05 2.903749E+05 5.643465E+05 1.481858E+03 2.670591E+03 1.799403E+03 9.662959E+20
4.338965E+05 -1.433893E+05 8.709116E+04 -2.161517E+03 -1.647751E+01 -4.117883E+02 7.847322E+20
-1.759557E+05 4.150569E+05 9.406425E+04 -1.157979E+03 1.621223E+03 -4.773343E+02 6.840967E+20
1.846188E+03 3.926830E+05 -5.631982E+05 1.267237E+03 -2.280054E+03 -8.140047E+02 4.552954E+20
4.123851E+04 -1.930182E+05 -3.978434E+05 -1.281861E+03 1.285607E+03 2.049601E+03 6.783071E+20
3.230368E+05 -5.845448E+04 -4.357383E+05 -9.345823E+02 2.740521E+03 -1.670995E+03 5.271366E+20
-5.529110E+05 -3.408966E+05 -2.213778E+05 -2.059638E+03 2.653397E+03 2.890255E+03 4.775556E+20
-2.641447E+05 -1.185544E+05 5.982491E+05 -1.204857E+02 -2.826347E+03 1.926522E+03 5.598046E+20
-5.654998E+05 -3.815356E+05 2.697814E+05 1.340846E+03 1.853506E+03 2.723337E+03 6.655782E+20
-1.494850E+05 1.955246E+05 -1.179278E+05 -2.060654E+03 1.647751E+02 2.165853E+03 5.174015E+20
2.468386E+05 -3.107885E+05 -3.103335E+05 1.196375E+02 -2.815310E+03 6.746237E+02 1.159558E+20
3.752144E+05 5.452017E+05 7.653081E+04 1.845744E+03 -1.665227E+03 -8.264794E+02 7.669954E+20
-5.369880E+05 -3.807554E+05 5.190080E+05 1.236431E+03 -8.947847E+00 2.772999E+03 6.393766E+20
4.879284E+04 -5.419005E+05 -1.497015E+05 -2.183381E+03 -2.740337E+03 -1.726214E+03 2.033471E+20
5.239294E+05 -5.012612E+05 -3.650368E+05 1.461944E+03 -7.141584E+02 2.760987E+03 2.819023E+20
2.646742E+05 3.682322E+05 -5.137270E+05 2.231988E+03 -1.656413E+03 -2.911993E+01 3.105775E+20
-3.470311E+05 -1.537631E+05 3.938532E+04 -1.439915E+03 -8.496936E+02 2.972996E+03 8.309128E+20
-5.536143E+05 -5.695338E+05 -3.794984E+05 2.633013E+03 2.907426E+03 -2.423267E+03 5.449373E+20
-1.959844E+05 5.290450E+05 5.951868E+05 1.547641E+02 2.653338E+03 -2.542156E+03 7.292097E+20
-7.724225E+04 -1.195134E+05 -5.657486E+05 -1.799062E+03 -2.592862E+03 7.141250E+02 3.769909E+20
-4.631508E+05 -6.476069E+04 -2.233116E+05 -1.938229E+03 -2.596234E+03 -2.314882E+03 3.357622E+20
-4.195820E+05 7.301770E+04 4.327591E+05 1.497149E+03 2.218021E+00 8.388058E+02 6.985324E+20
2.554516E+05 -5.619808E+02 -2.157758E+05 2.341165E+03 -1.484302E+03 2.193193E+03 5.728308E+20
1.521060E+05 -5.195641E+05 2.762649E+05 6.385232E+02 1.550513E+03 -1.692608E+03 2.943971E+20
-5.895362E+05 -1.948373E+05 -5.070779E+05 -1.957005E+03 -1.427271E+03 -2.987873E+03 8.273998E+20
-2.855251E+05 4.467903E+05 -1.187536E+05 -4.035790E+02 -7.363891E+02 1.300289E+03 5.625385E+20
3.355372E+05 -3.073369E+05 2.589820E+04 1.209425E+03 -2.000067E+03 1.105215E+03 9.181319E+20
-1.167393E+05 -2.687860E+05 -6.093394E+04 1.803302E+03 -2.965415E+03 8.283406E+02 1.156332E+20
2.797741E+05 5.847995E+05 -1.755784E+05 -2.801482E+03 6.691744E+01 -2.117124E+03 9.908522E+20
5.806996E+04 2.060528E+05 -1.539142E+05 6.747765E+02 -1.862654E+03 1.608867E+03 1.005856E+19
-3.119878E+05 5.487856E+05 -3.864771E+05 -1.060705E+03 -8.990297E+02 2.943286E+03 4.149416E+20
4.103104E+05 3.620728E+05 -5.789841E+05 -2.239682E+03 1.527979E+02 2.128445E+03 6.789838E+20
4.535269E+05 -2.773959E+05 -1.167747E+05 1.406324E+03 1.306287E+03 -1.882577E+03 9.361143E+20
4.527786E+05 -4.652584E+05 5.209226E+05 1.892232E+03 -2.267986E+03 7.449837E+02 2.040846E+19
-3.791627E+05 1.082009E+05 1.886535E+05 1.707556E+03 -7.994397E+02 5.380146E+02 8.627930E+20
-4.098255E+05 -2.474936E+05 -2.877707E+05 2.399327E+02 -2.662261E+03 -2.358769E+03 4.547874E+20
-1.993939E+04 -1.796166E+05 1.982448E+05 1.470181E+02 -1.927919E+03 1.395113E+03 2.519953E+20
-3.046024E+05 -5.973879E+05 1.123967E+04 8.941892E+02 1.338904E+03 1.030644E+03 3.815290E+20
5.937001E+05 1.509416E+03 -3.607750E+05 2.325938E+02 -2.091417E+01 -1.114482E+03 3.194691E+20
4.071372E+05 -4.795449E+05 2.169417E+05 2.862041E+03 1.781181E+02 1.204432E+03 7.471351E+20
3.394244E+05 -3.656436E+05 1.530393E+05 -7.429131E+02 7.626020E+02 -1.984972E+03 2.210618E+20
2.443580E+05 -5.595803E+05 -1.771040E+05 -2.511528E+03 1.372727E+03 -2.288397E+03 8.948463E+20
-1.872516E+05 1.203258E+05 4.756468E+05 1.954135E+03 -2.437174E+03 1.173752E+03 8.886322E+20
-1.314377E+05 -4.180690E+05 -5.561761E+05 2.981714E+03 2.022659E+03 -1.346089E+03 5.184226E+20
-1.757106E+05 -3.625443E+05 -5.208753E+05 -8.633446E+02 1.000755E+03 7.296382E+02 1.225396E+20
1.212683E+05 -2.407278E+05 -1.068201E+05 -1.928006E+02 9.895408E+02 1.945350E+01 6.648662E+20
-5.223692E+05 5.587634E+04 -5.340109E+05 -1.405574E+03 -2.214323E+03 1.413905E+03 4.155467E+20
4.671706E+05 5.051744E+05 -3.528756E+05 2.075791E+03 -2.198352E+03 6.579208E+02 5.102115E+20
5.177557E+05 -5.161783E+05 -5.126335E+05 2.390429E+03 2.286499E+03 2.111578E+03 7.460048E+20
1.098554E+05 4.203636E+05 4.885574E+05 -2.154188E+03 -4.577539E+02 -1.277730E+03 1.893049E+20
1.676007E+05 -4.825400E+05 4.681763E+05 -1.362412E+03 -1.462868E+03 2.921635E+03 6.709487E+20
-4.554918E+05 3.960385E+05 4.869262E+05 -9.225150E+02 -2.923561E+03 -2.805530E+03 9.654251E+20
3.500897E+05 -2.342038E+05 -2.437660E+05 2.051411E+03 -1.359560E+03 -2.233153E+03 2.703397E+19
-5.080273E+05 -1.503846E+05 3.968257E+05 -1.634509E+03 -5.547893E+02 8.176337E+02 2.124843E+20
7.113484E+04 -4.253640E+04 -6.374611E+04 1.839033E+03 2.111267E+03 2.098855E+03 3.497106E+19
-4.146097E+05 4.325569E+05 4.928890E+05 -3.111497E+02 -1.004746E+03 -8.175636E+01 7.040869E+20
8.260868E+04 3.084173E+05 5.459157E+05 -1.406527E+02 7.075229E+02 3.794799E+02 6.513411E+20
5.159649E+05 3.257063E+05 -5.040466E+05 2.468057E+03 -1.649304E+03 2.685282E+03 5.593926E+20
-1.670562E+05 5.602199E+05 -2.605730E+05 2.522643E+01 -6.630820E+02 2.866299E+03 6.350111E+20
-2.310469E+05 3.508282E+05 -2.582239E+05 6.002176E+01 9.446749E+01 2.478358E+03 7.890488E+20
-6.510638E+04 5.936392E+05 3.159523E+05 2.341842E+03 7.796074E+01 5.888732E+02 2.871488E+20
5.116967E+05 -2.307508E+05 -2.035952E+05 1.629425E+03 -2.170439E+02 2.877355E+03 3.290800E+20
2.859498E+05 -3.549895E+05 2.478073E+05 -3.597752E+02 -3.697398E+02 -2.475332E+03 7.063318E+20
4.610287E+05 -3.085895E+05 3.784178E+05 2.208040E+03 -2.285624E+03 4.346265E+02 9.569893E+20
3.201638E+05 5.612094E+05 3.747002E+05 1.673936E+02 1.664004E+03 -2.690522E+03 7.376751E+20
-4.376181E+05 -3.101867E+05 -9.970526E+04 -1.519554E+03 2.986366E+03 -1.807812E+03 6.403384E+20
5.912303E+05 -3.812568E+05 4.445508E+04 -1.085346E+02 2.683107E+03 1.413139E+03 2.103099E+20
-3.968128E+05 -1.971950E+05 -4.908515E+05 -5.906054E+02 -2.141492E+03 -1.451335E+02 3.586660E+20
5.311183E+05 5.296130E+04 1.948363E+05 -8.843800E+02 -2.138018E+03 2.992502E+03 8.684145E+20
5.617439E+05 -2.245174E+05 4.706647E+04 -1.008653E+03 -1.323154E+03 -2.478528E+03 3.944888E+20
5.903960E+04 -3.820626E+05 -1.245582E+05 -6.991174E+02 -2.809955E+02 -1.411294E+03 9.341864E+20
8.355840E+04 -5.024764E+05 -1.354083E+05 1.681025E+03 2.993138E+03 -9.300651E+02 5.003385E+20
5.803011E+05 -3.421939E+05 -1.138997E+05 -1.255478E+02 2.521517E+03 -3.592273E+02 5.024781E+20
4.651717E+05 -4.330937E+05 1.069457E+04 -1.519033E+03 1.841818E+03 1.886539E+03 6.427641E+20
5.611457E+05 4.233777E+05 5.327387E+03 2.697436E+03 -7.877485E+02 8.551298E+02 9.692441E+20
-1.373324E+05 1.853419E+05 8.767514E+04 8.411570E+01 -1.165469E+03 -2.221201E+03 1.278987E+20
-4.109020E+04 -4.703579E+05 1.021179E+05 1.925558E+03 6.180618E+02 2.714436E+03 1.365721E+20
-4.704120E+05 -2.500240E+05 -5.861268E+05 1.994551E+03 -2.154474E+03 1.749567E+03 4.658052E+20
4.052832E+05 1.115154E+05 -5.228594E+05 -2.561294E+03 -6.642380E+02 -2.600750E+03 6.213798E+20
5.997273E+04 -5.280272E+05 2.349394E+05 -4.028318E+00 -1.717502E+03 2.261298E+03 6.724408E+20
2.879470E+05 4.109271E+05 2.922592E+05 -2.636697E+03 -2.020136E+02 7.366872E+02 9.481349E+20
-2.442813E+05 -3.955173E+05 -4.139447E+05 -9.109047E+02 1.184178E+02 -1.927975E+03 7.639161E+20
3.415532E+04 -3.032361E+05 2.400605E+05 2.252147E+03 -1.285381E+03 2.810863E+03 5.921837E+19
-3.234415E+05 1.857664E+05 1.500745E+05 2.095953E+03 1.403669E+03 -6.618125E+02 3.003324E+20
-2.110379E+04 3.932202E+05 5.992740E+02 2.562566E+03 2.454330E+03 -9.795043E+02 5.233919E+20
2.854591E+05 -3.574105E+05 5.225992E+05 9.834487E+01 -2.400961E+03 8.803977E+02 4.010510E+20
-3.453901E+05 1.836187E+05 -3.394634E+05 -1.293682E+03 -4.957953E+02 -1.636782E+03 4.832655E+20
5.620261E+05 -1.300545E+05 -5.250225E+05 -7.211606E+01 1.417401E+03 9.880606E+02 4.283697E+20
3.886497E+05 5.086399E+05 -1.880363E+05 -2.952845E+03 1.308076E+03 2.520660E+03 5.241593E+19
-2.067369E+05 -5.811888E+05 -3.024832E+05 -2.670956E+03 2.695634E+03 2.985665E+03 3.641083E+20
-5.476043E+05 5.183838E+05 2.711683E+05 -2.206297E+03 -7.821947E+02 -1.854069E+03 5.053465E+20
-5.883917E+05 2.336206E+05 9.464517E+04 -2.400471E+03 -2.828703E+03 -6.799119E+01 3.582474E+20
1.222802E+05 1.564533E+05 -5.824096E+05 -1.417543E+03 -1.711005E+03 -2.082940E+03 9.831718E+20
-1.444778E+04 -5.197351E+05 -1.697361E+05 -2.608297E+03 2.254236E+03 1.291357E+03 4.245049E+20
-5.181310E+04 -2.941151E+05 -3.534300E+05 5.774757E+02 -2.599985E+03 2.740705E+03 3.762769E+20
-3.870192E+04 8.846539E+04 -5.329271E+04 9.541040E+02 -1.599944E+01 -3.074964E+02 1.251893E+20
-4.907696E+05 -1.191652E+05 1.893272E+05 -3.783820E+01 5.557427E+02 2.162279E+03 3.077265E+20
-3.085328E+05 1.012099E+05 -4.989896E+05 -5.754745E+02 1.134643E+03 9.580428E+02 3.757373E+20
4.416691E+05 4.996872E+05 3.949451E+05 -2.831691E+03 -2.009018E+03 1.428976E+03 6.108432E+20
4.996825E+05 -2.114506E+04 5.535745E+05 -6.491055E+02 1.917340E+03 -2.879878E+03 9.698692E+20
7.973144E+04 5.060571E+05 3.010973E+05 1.441009E+03 -1.035987E+03 1.707743E+03 5.036646E+20
-4.812745E+05 -2.456804E+05 -3.599072E+05 1.057240E+03 -7.864607E+02 2.355652E+03 4.718054E+20
2.236500E+04 4.992775E+05 -5.395530E+05 -1.502393E+03 -2.784438E+03 9.938130E+02 8.049396E+20
6.992439E+04 -5.469424E+05 4.656254E+05 -2.173090E+03 -1.576010E+03 2.643224E+03 3.280482E+20
2.929732E+05 -4.909987E+04 -5.182334E+05 4.443693E+02 1.437991E+03 2.367354E+03 2.872745E+20
-2.226971E+05 3.287338E+05 -4.896340E+05 -1.448686E+03 -1.988106E+03 -7.758032E+02 6.136681E+20
2.846623E+05 -4.397169E+04 -2.723231E+05 -1.036720E+03 -2.354363E+03 -2.475539E+03 8.105701E+20
-9.828159E+04 5.050536E+05 -1.588092E+05 2.416016E+02 -2.323199E+03 2.986657E+03 9.085937E+20
-2.693063E+05 2.206286E+05 5.851997E+05 -7.459299E+02 -1.787826E+03 8.450697E+02 3.797519E+20
2.032657E+05 -1.408674E+03 3.680399E+05 1.821335E+03 6.132399E+02 -1.386508E+03 4.944787E+20
3.590429E+05 -2.713955E+05 -3.546846E+05 -1.547492E+03 1.757436E+03 -1.736380E+03 8.066364E+20
-5.181506E+05 5.684143E+05 -1.356973E+05 -2.277342E+03 -2.267744E+03 2.186846E+03 1.255065E+20
-4.723596E+05 -3.796529E+05 -1.960250E+05 -9.905474E+02 1.172802E+03 3.835562E+02 8.691370E+20
1.469755E+05 -3.759658E+04 2.211148E+05 -1.701495E+03 -2.940286E+03 2.357015E+03 1.656953E+20
-4.475015E+05 -2.003703E+05 3.949300E+05 2.404121E+03 5.311039E+02 -3.041541E+02 9.881010E+20
1.917446E+04 -5.795395E+05 3.136508E+05 -1.096745E+03 -9.700381E+02 1.651005E+03 7.651839E+20
-5.443477E+04 -3.857973E+05 4.185386E+05 -2.193235E+03 2.864195E+03 -2.230007E+03 2.629954E+20
-2.826011E+05 -2.933385E+05 -4.965959E+05 1.189043E+03 5.670193E+01 -1.601669E+03 5.990921E+20
4.981331E+05 -1.939060E+05 2.006773E+05 8.748987E+02 2.830486E+03 -1.540736E+03 7.630369E+20
2.123637E+05 -4.210207E+05 1.601039E+05 -6.965357E+02 3.631641E+02 -2.529224E+03 7.431745E+20
3.966955E+05 -3.338058E+05 4.948174E+05 -1.779612E+03 1.970763E+03 1.082825E+03 2.867506E+20
-4.833027E+05 5.034719E+05 -3.651400E+05 -3.320289E+02 1.584768E+03 3.723506E+02 3.666635E+20
5.855921E+05 2.010008E+05 -2.731423E+04 2.923841E+03 -2.612834E+03 2.600915E+03 8.447708E+20
-4.404839E+05 -5.840074E+05 -5.003653E+05 1.807965E+03 1.459184E+03 1.480921E+03 4.309528E+20
-2.884816E+05 -2.527681E+05 -2.784441E+05 2.657416E+03 -1.437693E+03 -3.414205E+02 3.405265E+20
-3.171695E+05 1.303935E+05 4.961772E+05 -2.851035E+03 -2.302807E+02 5.946837E+02 3.095349E+20
-4.203119E+05 1.843302E+05 -1.678753E+05 -1.968843E+03 1.486316E+03 -2.885718E+03 9.378996E+20
-5.736034E+05 2.438936E+05 5.259486E+05 1.607735E+03 -2.870459E+03 -9.264467E+02 9.018937E+20
3.472604E+05 -4.962142E+04 5.535901E+03 -7.266578E+02 -2.063592E+03 2.859138E+03 9.009740E+20
1.948096E+05 4.234542E+05 -2.791154E+05 3.594637E+02 9.869108E+00 -2.277839E+03 4.304470E+20
-7.036299E+04 -1.657882E+05 -4.062660E+05 -9.720781E+01 -1.273949E+03 7.107151E+02 4.249663E+20
-2.819682E+05 5.670856E+05 -4.248771E+05 -2.597316E+03 1.106341E+03 -1.286437E+03 6.695409E+20
3.498297E+05 5.924106E+04 -2.964609E+05 2.522570E+03 2.016769E+03 2.051622E+02 3.210017E+20
-3.770484E+05 4.916382E+05 -8.935990E+04 1.137106E+03 -1.864112E+03 -2.906644E+03 9.888719E+20
3.660189E+05 3.661937E+05 2.140903E+04 6.776678E+02 -1.565014E+03 2.357345E+02 2.073003E+20
-5.172370E+05 -2.246701E+05 2.783395E+05 -1.435970E+03 4.738911E+02 -8.713983E+02 3.906765E+20
-2.350299E+05 -5.656913E+05 3.188244E+05 -1.661341E+02 1.159064E+03 1.412542E+03 9.942910E+20
2.111239E+05 -4.247535E+05 -4.733765E+05 -1.936641E+03 2.576076E+03 2.175485E+03 8.119361E+20
-1.993983E+05 -2.395451E+05 -2.271795E+04 -1.608055E+03 6.884425E+02 6.472849E+02 6.598243E+20
-2.922899E+05 3.524601E+05 -4.689274E+05 -3.638572E+02 2.820977E+03 -1.541625E+02 6.108069E+20
-4.959743E+05 -4.749569E+05 3.073880E+05 -2.210519E+03 -1.743137E+03 -1.559957E+03 4.926500E+20
9.125017E+04 -4.583069E+05 1.251014E+05 -1.042595E+03 -9.601879E+02 9.512994E+02 9.306954E+20
-2.300912E+05 -3.257517E+05 4.437164E+05 2.851266E+03 8.882119E+00 -2.310536E+02 3.021934E+20
5.327996E+04 -1.385625E+05 -8.821677E+04 -2.736249E+03 1.406704E+03 -9.290759E+02 3.992660E+20
-5.099880E+05 -4.832189E+05 -5.832949E+05 2.195521E+03 2.381083E+03 -7.901715E+02 8.270637E+20
-1.451542E+05 4.065040E+05 9.201011E+04 2.650471E+03 2.026232E+03 -1.979640E+03 3.203183E+20
2.290178E+05 -4.663165E+05 -5.122137E+04 -1.116613E+03 -1.549322E+03 1.241063E+03 6.334418E+20
-5.792493E+05 4.117660E+05 -3.546618E+05 4.679497E+02 -2.825804E+03 2.607825E+03 9.186190E+20
1.780292E+05 -6.216936E+04 -4.798926E+05 -2.194283E+02 3.161103E+02 2.283600E+03 6.752094E+19
-3.227954E+05 -4.495016E+04 -5.012766E+05 1.349602E+03 4.460049E+02 2.832485E+03 4.029815E+20
5.861592E+05 5.632249E+05 1.514528E+05 9.470727E+02 1.834817E+03 9.745231E+02 3.454526E+20
-1.858992E+05 7.144420E+04 1.519810E+05 9.141426E+02 -2.382050E+02 7.597650E+02 3.044482E+20
3.396529E+04 -5.314616E+05 -3.099673E+05 -1.151592E+03 -1.385867E+03 -2.683356E+03 4.763519E+20
-3.776997E+05 -5.043533E+04 -5.745547E+04 -3.076245E+01 7.701498E+02 -8.020938E+02 7.800613E+20
-8.106337E+04 4.863950E+05 1.798167E+05 2.027542E+03 -3.814412E+02 -1.263452E+03 4.678994E+20
1.627718E+05 -4.784938E+05 -2.744487E+05 7.356256E+02 -1.575874E+03 -1.161698E+03 4.197199E+20
-3.448263E+05 4.129478E+04 3.933744E+05 -8.271697E+02 2.900561E+03 2.835174E+03 6.307318E+20
3.429930E+05 -1.269008E+05 3.736812E+05 -4.811927E+02 2.418546E+03 -1.920912E+03 4.180761E+20
5.116222E+05 -3.609346E+05 8.320698E+04 -2.802774E+03 8.101129E+02 -2.529765E+03 6.210281E+20
2.006621E+05 1.123287E+05 4.890456E+04 2.264465E+01 1.239000E+03 -2.779098E+03 7.437498E+20
3.799398E+05 -2.519957E+05 1.710205E+05 2.099446E+03 -2.012461E+03 -4.434588E+02 9.474998E+20
-2.647933E+05 2.325077E+05 4.013417E+05 5.576990E+02 2.112887E+03 3.509339E+02 1.251430E+20
-1.127726E+05 -2.519991E+05 3.073199E+05 -8.067253E+02 -5.617702E+02 4.435782E+02 9.811575E+20
-1.104030E+05 -3.071818E+05 2.783838E+05 -2.435620E+03 -2.187221E+02 1.266695E+03 3.415761E+20
-2.104447E+05 -5.832285E+05 1.592944E+05 1.179651E+03 -1.244678E+03 -1.740447E+03 9.971982E+20
-7.539781E+04 3.813077E+04 -3.477722E+05 6.763920E+02 -1.316086E+03 2.324234E+03 8.161289E+20
-2.616244E+04 -3.558074E+05 2.642283E+05 1.998778E+03 -1.462172E+03 2.947638E+03 2.927592E+20
4.253864E+05 -4.325789E+05 -4.181246E+05 -9.900943E+02 -2.083145E+01 2.194791E+03 3.425403E+20
2.655190E+05 -2.579915E+05 2.932505E+04 2.522595E+02 -1.251917E+03 -2.366714E+03 3.111134E+20
-1.800184E+05 -2.399587E+05 1.281160E+05 -1.883254E+03 -8.991541E+02 3.862706E+02 6.962328E+20
5.748410E+05 2.227769E+05 1.179479E+05 -1.605451E+03 2.095924E+03 1.068462E+03 8.517819E+20
-4.878696E+05 4.639855E+05 -1.254520E+04 -2.956304E+03 -1.939483E+03 1.696952E+03 3.241254E+20
-1.494305E+05 1.879818E+05 1.377852E+05 7.189903E+02 5.049834E+02 9.456634E+02 5.296611E+20
4.702499E+04 -2.344192E+05 3.893951E+05 2.056998E+03 -3.518256E+02 -1.182590E+02 2.093475E+20
-3.806333E+05 1.953208E+05 2.110341E+05 5.811312E+02 -2.440862E+03 1.000720E+03 5.132423E+20
4.698543E+05 9.783112E+04 4.240977E+03 2.996543E+03 2.391378E+03 -2.091749E+03 6.337350E+20
3.910477E+05 -2.733111E+05 -4.919009E+05 2.675756E+03 1.481032E+03 1.670056E+03 5.161403E+20
6.641873E+04 -2.887459E+05 -3.536651E+05 1.219374E+03 -1.018719E+03 5.506774E+00 6.483737E+20
-3.146128E+05 5.643398E+05 -1.008737E+05 -6.071932E+01 -9.263677E+02 -5.972752E+02 8.581058E+20
5.452927E+05 2.928657E+05 -2.120694E+05 1.912715E+03 -2.198678E+03 2.093716E+03 2.542224E+20
5.527901E+05 -2.938901E+05 4.381669E+05 1.891468E+03 2.052641E+03 -2.185968E+03 9.480329E+20
3.849751E+05 -5.708881E+05 -1.735632E+05 -1.790689E+03 1.719762E+03 -2.918483E+03 6.976735E+20
-4.710018E+05 5.665675E+05 -3.015181E+05 -1.688697E+03 2.196955E+03 1.052942E+02 9.335644E+20
4.370881E+05 -2.055218E+05 5.225544E+05 -1.739059E+03 -2.751189E+03 -2.679474E+03 8.159124E+20
5.852839E+05 5.213460E+05 3.595042E+04 7.888371E+02 2.069432E+03 -2.569845E+03 7.061790E+20
-1.894187E+05 8.674667E+04 3.563242E+05 1.416765E+03 -1.029617E+03 2.912174E+03 6.547769E+20
-9.214165E+04 4.022616E+05 5.642437E+05 -1.208783E+03 9.821917E+02 -2.562898E+03 1.041772E+20
-5.147473E+05 5.341678E+05 5.173551E+05 -1.306415E+03 1.101255E+03 -6.531614E+02 8.589761E+20
-5.580854E+05 -3.026204E+05 -5.918729E+05 2.732286E+03 -2.180394E+03 1.736524E+03 7.692778E+20
2.989217E+05 1.414203E+05 -5.370942E+04 -2.583008E+03 2.088766E+03 -9.116506E+02 1.291501E+20
3.056315E+05 -3.297055E+05 -5.008564E+05 -2.920474E+03 -2.108542E+03 -2.244616E+03 9.341884E+20
-1.562141E+05 -3.283189E+05 -4.396838E+05 1.515990E+03 2.862627E+03 -2.067570E+02 6.991310E+20
-3.091061E+05 -4.312688E+05 -5.889413E+05 -2.197379E+02 -5.213872E+02 -2.803318E+02 6.049052E+20
4.020669E+05 -2.169306E+05 5.356912E+05 -1.940400E+03 1.632925E+03 3.908583E+02 1.142780E+20
3.727110E+05 -8.858546E+04 -3.789369E+05 -2.573334E+03 -4.071323E+02 -1.441159E+03 7.174409E+20
-4.835424E+05 -2.754908E+05 1.710816E+05 -1.937987E+03 -2.898990E+03 -7.807647E+02 8.726422E+20
5.152704E+05 5.936279E+05 9.186752E+04 -1.284689E+03 -8.816560E+02 -2.435006E+03 5.255179E+20
-4.621899E+05 2.711763E+05 4.787067E+04 -1.535771E+03 -2.518244E+03 -2.027294E+03 7.996790E+20
2.687014E+05 -1.867919E+05 -5.424351E+05 2.139473E+03 2.236237E+02 -2.684330E+03 6.272410E+19
-4.150625E+05 3.238422E+05 1.698438E+05 1.092983E+03 -2.883543E+03 2.258414E+03 2.663322E+20
-5.084034E+05 -5.055031E+05 -4.269292E+05 -9.614998E+02 1.524290E+03 -4.308550E+02 7.932466E+20
7.315349E+04 -1.743018E+05 -1.483072E+04 -1.939552E+03 1.620755E+03 2.303382E+03 8.939992E+20
-2.337361E+05 -1.163802E+05 1.363696E+05 -1.537150E+02 2.735161E+03 7.226630E+02 7.013114E+20
4.799666E+05 -3.619304E+05 2.039543E+04 -2.499058E+03 2.008715E+03 -1.362870E+02 5.416280E+20
-1.548304E+05 4.339096E+04 -5.082911E+05 -1.161214E+02 -1.884126E+03 3.614397E+02 2.751599E+20
1.153145E+04 2.727350E+05 -1.250392E+04 -1.982948E+02 -1.649006E+03 7.114732E+02 2.994078E+20
-4.732143E+05 -1.404348E+05 -3.844579E+05 -2.986722E+02 1.294719E+03 2.333195E+03 3.372352E+20
-2.647633E+05 7.185077E+04 -1.300822E+05 1.791646E+03 1.409186E+02 -2.436256E+02 6.410211E+20
-5.342606E+05 1.911137E+05 -3.084061E+04 1.849488E+03 7.272574E+02 2.861764E+03 9.553397E+20
-1.602030E+05 2.215361E+05 1.024211E+05 2.625229E+03 -2.270789E+03 2.052415E+03 4.919315E+20
1.979729E+05 -6.364714E+04 4.176015E+05 -9.176393E+02 2.871740E+03 -2.628326E+03 3.439690E+20
2.786116E+05 -2.631883E+05 -4.660337E+05 2.392740E+02 -4.844021E+02 -2.351480E+03 1.895436E+19
2.645794E+05 -5.502120E+05 -5.680247E+05 -2.482918E+02 -2.735711E+03 -1.094069E+03 1.132577E+20
4.963183E+05 1.916225E+04 3.815777E+05 2.770488E+03 -2.770333E+03 -1.915578E+03 2.349301E+19
-5.308771E+05 -1.532791E+05 -2.805032E+05 -2.924303E+03 7.447444E+02 -6.952143E+02 2.840579E+20
1.929449E+05 8.995034E+03 -2.510231E+05 -2.173933E+03 -1.512758E+02 1.772273E+03 8.960647E+20
-2.504818E+05 4.577267E+05 5.408146E+05 -3.451660E+02 -2.810647E+03 -2.271302E+03 8.550799E+20
-4.260843E+05 1.078685E+05 -2.723551E+05 -1.880871E+03 1.950395E+03 -1.926234E+03 8.007392E+19
9.868864E+04 3.488563E+04 -5.824199E+04 -1.198514E+03 2.904934E+02 1.051347E+03 1.278014E+20
-2.224846E+05 4.506473E+05 3.080427E+05 2.730129E+03 8.612756E+02 -2.899486E+03 2.683397E+20
5.149175E+05 -1.326737E+05 -1.834739E+05 2.518361E+03 9.798690E+02 -2.825297E+03 6.960899E+20
-3.953958E+05 1.120128E+05 1.017959E+05 1.682106E+03 6.042794E+02 2.583888E+03 2.025072E+20
2.564141E+05 -2.777980E+05 -1.636825E+05 -2.276555E+03 2.165419E+02 -2.631762E+03 2.430430E+20
5.261912E+05 4.434191E+03 5.044030E+05 1.381063E+03 -9.374665E+02 -4.622917E+02 1.854885E+20
-2.272872E+05 1.763826E+05 -4.364555E+05 -1.749074E+03 2.558285E+03 -1.476798E+03 7.929637E+20
4.106625E+05 5.468694E+05 5.190403E+05 6.870090E+02 -9.960335E+02 -2.091829E+03 7.006075E+19
2.708763E+05 5.995199E+05 -5.740731E+05 -3.332340E+02 2.806626E+03 2.929984E+02 7.795420E+19
-3.339477E+05 5.916207E+05 -1.967742E+04 -1.276742E+03 -1.195458E+02 -7.480363E+02 7.346515E+20
2.461161E+05 -1.087924E+05 -2.585371E+04 1.704148E+03 1.695137E+03 2.024472E+03 2.843936E+20
5.406026E+05 -3.636481E+05 -8.687880E+04 -1.535766E+03 -1.820717E+03 3.021194E+02 8.195589E+20
2.060202E+05 4.419194E+05 3.146655E+05 1.146554E+03 2.138756E+02 -1.319850E+03 2.078612E+20
2.983473E+05 -5.983150E+05 4.150632E+05 -8.041881E+02 2.685592E+03 1.124083E+03 2.810698E+20
4.065237E+05 5.962895E+04 3.638949E+05 -7.343830E+02 1.227068E+03 -1.955544E+03 4.475209E+20
-4.788656E+04 -1.799148E+05 3.586404E+05 2.427848E+02 4.385656E+02 -1.496590E+03 9.176370E+20
-1.546197E+05 -2.640381E+05 1.702841E+05 -2.804753E+02 -2.002263E+03 2.529384E+03 9.950135E+20
3.915443E+04 1.292408E+05 -1.656665E+05 -8.795103E+01 8.162600E+02 1.092723E+03 9.704465E+20
-2.435915E+05 1.539410E+05 -5.819275E+05 2.559381E+03 -1.781647E+03 1.503135E+03 3.806466E+20
1.887142E+05 2.421170E+05 5.944098E+05 1.021569E+03 -2.224389E+03 -1.084693E+03 6.768952E+20
-1.660694E+05 3.337448E+04 -3.342315E+05 -2.074045E+03 -1.087577E+02 1.167598E+02 4.675911E+20
-9.903926E+04 3.032334E+05 3.275516E+05 2.351806E+03 -1.053391E+03 5.937802E+02 1.173020E+20
-8.055602E+04 4.681546E+05 -3.128496E+05 -1.887998E+03 -2.021761E+03 5.878746E+02 5.107583E+20
-4.552311E+05 -2.614811E+05 -2.068202E+05 -2.108556E+03 1.605102E+03 6.157102E+02 8.363707E+20
-5.651811E+04 -4.271009E+05 5.749518E+05 1.150069E+03 1.927568E+03 2.193391E+03 1.872453E+20
-4.147831E+05 -2.099390E+05 1.780934E+04 -2.322865E+03 -2.158318E+02 -2.297247E+03 3.912010E+20
5.988432E+05 1.756314E+05 1.360958E+05 -2.294511E+03 -1.249800E+03 4.940832E+02 2.742394E+20
-1.600704E+05 -1.854616E+05 2.527887E+04 1.368929E+03 1.121056E+03 1.516626E+03 5.479977E+20
-5.942796E+05 4.943862E+05 2.848615E+05 -2.584968E+03 2.007191E+03 -3.131965E+01 1.190389E+20
-5.821885E+05 5.258384E+05 3.367485E+05 2.445005E+02 -7.265856E+02 -2.253926E+03 6.517170E+20
1.824184E+05 2.940968E+05 2.925734E+04 2.217012E+03 7.895956E+02 -1.096557E+03 6.581183E+20
-7.256715E+04 -2.712124E+05 3.450575E+05 2.071572E+03 5.835510E+02 -2.072356E+03 4.307183E+20
-7.335105E+04 -5.319005E+05 -3.686529E+05 1.981755E+03 2.044028E+03 1.302440E+03 9.931479E+20
-1.450681E+05 4.524590E+05 -9.331946E+04 2.019327E+03 1.642105E+03 -1.126647E+03 1.987073E+20
3.365894E+05 3.799895E+05 -1.814914E+04 -9.689024E+02 2.625452E+03 1.690924E+03 6.845545E+19
2.713647E+03 3.865978E+05 -2.655929E+05 -1.655827E+03 6.994658E+02 -1.478495E+03 7.135962E+20
1.153351E+05 -5.753535E+05 2.464952E+05 9.674963E+02 1.571783E+03 -1.860408E+03 7.114199E+20
-5.749869E+05 3.698792E+05 5.351176E+05 2.220586E+03 -2.304306E+03 -2.063064E+03 4.896539E+20
-1.946332E+05 5.481012E+05 -1.684011E+05 -1.602200E+03 -1.029565E+03 2.432363E+03 9.501399E+20
-2.274986E+05 5.222645E+05 5.620172E+05 1.935533E+03 -2.120421E+03 -1.239380E+03 1.591889E+20
5.362831E+05 1.453906E+05 4.610729E+05 -6.412375E+02 2.147757E+03 9.085267E+01 5.769672E+20
-5.166811E+05 1.234539E+05 2.930225E+05 -1.301411E+03 1.727142E+03 -1.698910E+03 1.983067E+20
5.517271E+05 2.856661E+05 -1.548753E+05 -1.213141E+03 -2.249083E+03 -1.713173E+03 5.674277E+20
6.459420E+04 -1.963069E+05 -2.918628E+05 -1.891663E+03 -1.626266E+03 -2.892805E+03 5.029489E+20
-5.056752E+05 5.721194E+05 5.390012E+05 -2.858718E+03 -1.341517E+03 1.729770E+03 8.780889E+20
-5.044474E+05 -2.922503E+04 -3.011383E+05 9.263308E+01 -1.817528E+03 1.596936E+03 8.170045E+20
-2.385200E+05 -7.202950E+04 -1.780114E+05 1.995990E+03 1.442676E+03 -6.853866E+02 2.004467E+20
5.390408E+05 1.572218E+05 -2.892683E+05 9.015385E+02 -1.357251E+03 4.737200E+02 6.179470E+20
-2.877511E+05 -2.503838E+05 3.226858E+05 2.823089E+03 -2.082421E+03 -8.051171E+02 7.600762E+20
1.820961E+05 4.159837E+05 3.128868E+05 -2.889234E+03 4.661538E+02 -2.306536E+03 4.139051E+20
-1.723291E+05 -5.961128E+05 1.115180E+05 2.284286E+03 -2.824042E+03 7.070544E+02 3.635631E+20
3.588693E+04 -5.314604E+05 3.666376E+05 -2.636298E+03 1.937876E+03 -5.828616E+02 5.308844E+20
5.052246E+05 -4.708704E+05 3.414380E+05 8.079964E+02 2.159194E+03 -1.106017E+03 9.617050E+20
4.512582E+05 -7.524850E+01 3.577188E+05 2.449414E+03 7.526778E+02 -2.388328E+03 1.874014E+20
-1.364435E+05 -4.593796E+05 -4.466882E+04 2.939171E+03 -1.994522E+03 1.252787E+02 8.615560E+20
2.719178E+05 2.737059E+05 -1.685384E+04 -1.592049E+03 -4.469445E+01 5.478724E+02 2.733318E+20
-1.110436E+05 -4.219716E+04 2.692259E+05 1.676131E+03 -2.256189E+03 -1.774611E+03 2.756166E+20
-3.153087E+05 -2.350267E+05 1.018187E+05 2.513560E+03 2.043449E+03 2.279789E+03 8.758114E+20
-1.447133E+05 -1.916772E+05 5.519672E+05 -1.214425E+03 2.082272E+03 -2.884694E+03 3.614176E+20
2.182370E+05 -1.009251E+05 5.033497E+05 9.562273E+02 -1.957897E+03 -2.176606E+03 5.641869E+19
4.186122E+04 2.284625E+05 3.021688E+05 -2.733048E+03 2.012693E+02 2.996420E+02 3.658985E+20
-2.160968E+05 5.101258E+05 2.214686E+05 2.554563E+03 -1.141414E+03 -1.310899E+03 2.912578E+20
-2.210209E+05 -4.302636E+05 -2.450564E+05 -1.998436E+03 5.720573E+02 3.477838E+02 1.052834E+20
-4.090048E+05 3.354760E+04 5.034328E+05 1.182501E+03 1.675310E+03 -1.156943E+03 6.324922E+20
2.087168E+05 2.197773E+05 6.724382E+04 -2.250054E+03 2.633117E+03 -2.584494E+03 4.194365E+20
-4.963225E+05 -5.196261E+05 -5.371371E+05 1.618461E+03 1.738345E+03 -1.917280E+03 8.957671E+19
3.818190E+05 5.296613E+05 -3.322063E+05 -1.055453E+03 7.955860E+02 -1.888711E+03 2.185838E+20
1.757504E+05 -3.083845E+05 5.952220E+05 -4.154529E+02 7.356122E+02 -8.987468E+02 9.234381E+20
2.952674E+05 -2.329368E+05 -2.234649E+05 -2.965372E+03 1.515282E+03 -1.378724E+03 5.598854E+19
7.368143E+04 -1.978244E+04 1.022369E+05 7.906336E+02 5.930750E+02 -3.007208E+02 9.395903E+20
3.266410E+05 -4.356065E+05 4.439444E+05 -2.408968E+03 5.900807E+00 1.308161E+03 6.471104E+20
-3.703400E+05 3.492115E+05 5.332427E+05 -1.739594E+03 2.074587E+03 -2.292687E+03 7.678402E+20
-2.510044E+05 -5.398040E+05 -1.637542E+05 2.491682E+03 2.359875E+03 7.569052E+02 5.463296E+20
4.686466E+05 4.013646E+05 -1.296099E+05 9.076595E+01 -2.680229E+03 7.246597E+02 7.794151E+20
1.052232E+05 3.185269E+05 -1.124015E+05 -4.063575E+02 -2.507470E+03 2.753520E+03 7.792466E+20
-3.781291E+05 -5.469371E+05 -7.639096E+04 2.353872E+03 1.792119E+03 2.581855E+03 4.249697E+20
-1.869925E+05 2.527146E+05 1.957040E+05 -2.081772E+03 -4.839519E+02 -9.759929E+02 2.644510E+20
-2.887512E+05 -3.985636E+05 -2.410985E+05 -1.398483E+03 -6.756072E+02 2.333025E+03 2.854614E+20
4.465422E+05 -5.851917E+05 4.726041E+05 -2.392262E+02 2.975193E+03 -2.772711E+03 7.928038E+20
3.771903E+05 5.594827E+05 -5.812065E+05 5.926017E+02 1.469285E+03 -6.044461E+02 2.870961E+20
-1.892786E+05 3.300785E+04 -1.103188E+05 1.112833E+03 -2.067004E+03 -2.974600E+03 7.114090E+20
3.597921E+05 -1.931268E+05 3.745172E+05 -2.709400E+03 -1.325139E+03 7.044484E+02 8.053640E+20
-5.337267E+05 -4.799340E+04 1.757870E+05 -1.134531E+03 1.697928E+03 1.228698E+03 6.226330E+20
-7.219293E+04 -4.680522E+05 -4.881593E+05 1.153712E+03 -1.121196E+03 1.652659E+03 4.408343E+20
5.222430E+05 4.128438E+05 9.304004E+04 4.488510E+02 -1.920769E+03 2.746626E+03 4.747123E+20
1.201929E+05 1.108521E+05 -8.135604E+04 -6.138648E+02 -1.946036E+03 4.357668E+02 1.101849E+20
-3.867269E+05 4.299250E+05 2.350436E+05 -2.215060E+03 -2.818764E+03 -1.418815E+03 3.593968E+20
9.468495E+04 3.891684E+05 -5.354088E+05 -1.405419E+03 -7.074933E+02 -4.996886E+02 1.119134E+20
-1.604257E+05 2.840692E+05 4.844569E+05 2.191343E+03 -2.086208E+03 1.815931E+03 5.450109E+20
3.718956E+05 4.671691E+05 -1.774134E+05 -1.576473E+03 -6.756041E+02 -1.835846E+03 6.886425E+19
3.802819E+05 -4.313440E+05 -3.232343E+05 4.979859E+02 -1.281002E+03 -2.364644E+03 9.304686E+19
-2.341484E+05 -4.994533E+05 -1.212747E+05 -1.370034E+03 9.726733E+02 2.328987E+03 4.083851E+20
-4.262310E+05 -3.300128E+05 9.431596E+04 -1.311855E+03 -2.682551E+03 1.927876E+03 2.717396E+20
-2.500822E+05 -3.303635E+05 5.866704E+05 -9.266036E+02 -1.470028E+03 1.458432E+03 8.205802E+20
-1.450380E+05 5.917526E+04 5.709385E+05 -1.140619E+03 -3.970995E+02 1.734578E+03 2.939136E+20
3.686310E+05 3.889534E+05 4.754536E+05 -2.456044E+03 2.653198E+03 1.182929E+03 5.692339E+20
-6.744628E+04 -9.275091E+04 -3.920483E+05 2.425554E+03 2.738681E+03 1.903549E+03 2.647472E+19
-4.902595E+05 1.481085E+05 -4.817873E+05 1.284493E+03 -1.732219E+03 9.158514E+02 5.761638E+20
2.050376E+05 5.088231E+05 -5.893687E+05 1.601373E+03 1.315042E+03 -3.481185E+02 6.227460E+20
2.793410E+05 3.295315E+05 -2.790018E+05 -2.994399E+02 3.188452E+02 -1.801406E+03 2.502670E+20
3.648444E+05 5.299122E+05 -8.704896E+04 1.418112E+03 -2.859035E+03 -2.210385E+03 5.909847E+20
-4.819513E+05 -5.868703E+05 -1.838662E+05 -1.442114E+03 -5.208387E+02 -1.207378E+02 5.336562E+19
5.451009E+05 4.357174E+05 5.921962E+05 2.367942E+03 -5.280778E+02 -1.776303E+03 1.057038E+20
6.141471E+04 3.924531E+05 -3.290458E+05 1.950256E+02 1.138929E+03 -2.372994E+03 9.077002E+20
-5.120810E+05 5.174668E+05 1.111875E+05 2.938415E+03 -1.712898E+03 2.007686E+02 6.476204E+20
-5.290894E+05 5.646221E+05 -2.396963E+05 4.874077E+02 9.575617E+02 2.300248E+03 1.153759E+20
-2.087290E+05 2.139579E+05 -4.041893E+05 -2.667277E+03 -6.404919E+02 2.628117E+03 7.911592E+20
-7.131001E+04 1.519791E+05 -5.285652E+05 1.732125E+03 9.740927E+02 2.716779E+02 7.012868E+20
3.964403E+05 3.286942E+04 -4.854245E+05 -4.912065E+02 -2.078305E+03 -2.215282E+03 8.872286E+20
-2.013490E+05 1.876069E+05 4.473440E+05 2.218261E+03 -1.836981E+02 2.849712E+03 8.836569E+20
-3.302487E+05 4.983762E+05 -4.208997E+05 2.833109E+02 2.225716E+03 -2.992158E+03 2.554923E+20
3.607056E+04 -5.713793E+05 -1.011375E+04 -1.088845E+03 -1.414536E+03 -1.722555E+03 8.325225E+20
4.537723E+05 3.872322E+04 -3.956220E+05 -1.146287E+02 1.527790E+03 -5.681435E+02 9.955297E+20
-2.313526E+05 -1.163156E+05 4.393391E+05 2.359390E+03 7.135656E+02 -1.633076E+02 7.826678E+20
1.198246E+05 -1.947745E+05 -3.503797E+03 -2.913329E+03 1.164862E+03 2.306759E+03 2.987755E+20
3.808420E+05 -1.256751E+05 3.658026E+05 -2.697245E+03 9.050929E+02 1.580930E+03 9.266073E+19
-3.241679E+05 5.660618E+04 4.203521E+05 2.013167E+03 1.405995E+02 -8.489033E+02 4.319432E+20
1.686947E+05 -1.170180E+05 4.286263E+05 -8.406294E+02 -1.224906E+03 1.745877E+03 2.355280E+20
4.718099E+05 5.206396E+05 -3.095973E+04 2.466661E+03 1.515723E+02 -9.182339E+02 1.445117E+20
-5.781684E+05 -4.502584E+05 -2.710879E+04 -2.882830E+03 2.339723E+03 2.560782E+03 6.909037E+20
-5.764777E+05 1.396764E+05 3.064899E+05 -6.222756E+02 2.382121E+03 1.745890E+03 1.983336E+20
-4.554681E+04 4.311356E+05 1.038214E+04 2.090530E+03 -1.769528E+03 8.614627E+01 3.343410E+20
-5.500108E+05 -5.272993E+05 -1.149520E+05 2.768828E+03 2.433851E+03 2.638615E+03 6.511049E+20
-1.853248E+05 4.061993E+05 4.824394E+05 -6.104720E+02 -2.007498E+03 -2.088615E+03 3.017678E+20
2.830834E+05 3.120634E+05 3.348029E+05 -2.329649E+02 1.158035E+03 1.348376E+03 3.051899E+20
-3.734879E+05 4.397967E+05 -5.104926E+05 1.517803E+03 6.366664E+02 9.751846E+02 6.326110E+20
2.386025E+05 -3.844292E+05 3.095669E+05 1.414256E+03 -5.216209E+02 5.825249E+02 1.888826E+20
-5.105334E+05 3.879563E+05 3.376326E+05 -1.247420E+01 -2.561811E+03 -2.522008E+02 4.955989E+20
-5.216040E+05 3.048671E+05 -4.931815E+05 -1.029576E+03 1.923499E+03 4.985463E+02 4.617304E+20
-5.874098E+05 -1.057762E+05 -4.667635E+05 -7.896308E+02 -8.355321E+02 -2.707399E+03 4.975284E+20
1.106543E+05 3.309785E+05 -1.616016E+05 2.205833E+03 -1.668471E+03 4.651037E+02 2.663259E+20
2.258959E+05 -2.737283E+05 -3.719081E+05 1.063291E+03 -1.944612E+03 -1.546974E+03 4.988502E+20
-2.434437E+05 -2.498229E+05 3.303748E+05 -8.139886E+02 -2.662779E+03 1.078875E+03 3.086835E+20
-1.619726E+05 5.762701E+05 -1.148283E+05 2.100898E+03 -2.106023E+03 -2.192246E+03 2.959488E+20
4.942047E+05 4.467128E+05 -4.123156E+05 8.468077E+02 2.756271E+03 1.148500E+03 1.819013E+20
-1.010602E+05 -6.732255E+04 -5.479578E+05 -7.676460E+02 1.259979E+03 -1.633293E+03 2.100977E+20
-2.491700E+05 9.964017E+04 5.768214E+05 -1.944830E+03 -1.525681E+03 2.511086E+03 4.643995E+20
-3.706252E+05 2.763952E+05 3.596199E+05 1.757391E+03 -2.620466E+03 -2.352786E+03 6.352190E+20
3.895898E+05 1.163554E+05 2.763414E+05 -1.737771E+03 7.391582E+02 6.248822E+02 4.685046E+20
-2.119153E+04 1.369044E+05 3.078591E+05 -7.445963E+02 -2.855846E+03 -1.158266E+03 3.858653E+20
8.665027E+04 -2.597743E+05 -4.907275E+05 -1.277171E+03 -1.310133E+03 -9.911288E+01 8.244208E+20
-5.812273E+05 -2.611960E+05 -5.715006E+05 2.945376E+03 4.849810E+02 -5.812605E+02 3.759547E+19
-7.183411E+04 -4.116233E+05 -2.286358E+05 2.903290E+03 2.942436E+03 1.226277E+03 8.438456E+20
-4.860824E+05 2.772431E+05 2.830163E+05 2.855667E+03 -7.919463E+02 -1.231158E+03 4.370936E+20
-5.359278E+05 -4.122535E+05 3.294055E+05 -2.095915E+03 -2.577774E+03 -6.554393E+02 1.373487E+20
6.345412E+04 -7.608388E+04 -2.714047E+05 4.766037E+02 2.952434E+03 2.062014E+03 9.742743E+20
-5.152258E+05 1.184555E+05 -4.989606E+05 -2.960118E+03 -4.042892E+02 -2.067857E+03 3.433466E+20
4.683436E+05 5.032066E+05 5.492499E+05 1.885350E+03 1.194987E+02 -2.547263E+03 4.335842E+20
-5.237815E+05 -2.079286E+05 -5.026698E+05 1.785536E+03 5.807859E+01 1.998563E+03 7.710771E+20
4.232105E+05 3.862306E+05 -5.792622E+05 2.841829E+03 -1.222998E+03 -1.585259E+03 5.616798E+20
-3.271164E+05 3.067626E+05 1.532877E+05 -4.855685E+02 2.957679E+03 2.950660E+03 2.038435E+20
-5.810507E+04 5.815088E+05 4.114000E+05 -1.684550E+03 -1.128372E+03 1.158348E+03 6.232400E+19
-5.515664E+05 -2.914952E+05 3.107073E+04 3.411765E+02 5.755487E+02 1.414489E+03 5.030124E+20
-2.411385E+05 5.680151E+05 -8.832423E+04 1.707156E+03 2.364136E+03 -2.879158E+02 2.447764E+19
-4.482417E+05 7.692534E+04 -2.852391E+04 1.305225E+03 -9.325125E+01 1.745129E+03 3.359386E+20
-1.378277E+05 -1.183570E+05 -2.755342E+05 -2.125998E+03 -2.543480E+03 2.796740E+03 6.994325E+20
-5.661206E+05 5.300354E+05 -4.272460E+05 5.827023E+02 -9.814888E+02 9.264389E+02 1.523101E+19
5.067437E+04 4.965249E+05 -5.224764E+05 1.769988E+03 1.724161E+03 1.459264E+03 1.632864E+20
-5.389340E+05 -3.175352E+05 3.745205E+05 -1.610351E+03 1.881529E+03 -1.841070E+03 7.307747E+20
-2.181750E+04 4.320095E+05 5.613146E+05 6.605812E+02 2.907946E+03 1.210129E+03 5.252737E+20
-2.159913E+05 -5.488185E+05 -5.743164E+05 6.092375E+02 5.349306E+01 6.111789E+02 2.840269E+20
-7.609120E+04 -5.247993E+05 -2.987052E+03 6.401205E+02 1.184108E+03 1.585347E+02 9.207595E+20
7.109903E+04 -4.433057E+05 -2.442055E+05 2.305384E+03 -1.953518E+03 -1.008071E+03 7.962589E+20
5.287804E+04 -2.324303E+05 -4.233638E+04 2.311978E+03 -2.444276E+03 2.411001E+03 5.163192E+20
-2.486533E+05 2.653872E+05 5.887399E+05 1.046170E+03 1.330071E+02 -1.199636E+03 2.418427E+20
5.581758E+05 -3.269536E+05 -4.180803E+04 3.554554E+02 -9.678669E+02 1.836141E+03 9.627727E+20
2.012959E+05 3.852387E+05 -5.154178E+05 2.979654E+03 3.623247E+02 7.853886E+02 1.347759E+20
-3.740486E+05 1.794121E+05 1.267709E+05 -1.787769E+03 -1.439527E+03 2.861176E+03 9.192682E+20
-1.393197E+05 4.363202E+04 -3.250287E+05 -4.987564E+02 -6.301135E+02 2.710933E+03 1.395105E+20
-1.792135E+05 -2.581767E+05 3.817912E+05 2.098559E+03 1.907042E+03 -1.800483E+03 5.816793E+20
1.993098E+05 5.268319E+05 -3.154870E+05 -1.860993E+03 3.574143E+02 1.951558E+03 3.788969E+20
-1.786286E+05 3.172819E+05 -3.578333E+04 -2.612434E+03 -2.544725E+03 -1.604828E+03 1.904738E+20
5.341823E+05 -1.444393E+05 -3.210171E+05 -2.149039E+03 6.470038E+02 2.382191E+03 5.097134E+19
3.404280E+03 -1.692397E+05 -1.581858E+05 5.074434E+02 3.269881E+02 -5.905221E+02 4.289737E+20
2.867624E+05 -3.221322E+05 1.778749E+05 -1.072279E+03 -4.055577E+02 -7.345047E+02 4.481863E+20
-5.160188E+05 -4.489667E+05 -2.362217E+05 -3.479424E+02 -8.906126E+02 -1.995211E+02 2.715479E+20
-5.496640E+05 -1.205602E+05 -4.270517E+05 -9.500934E+02 -2.143391E+03 -2.696597E+02 5.904018E+20
1.245592E+05 9.266099E+03 2.565515E+05 2.891943E+03 2.963516E+03 -1.044174E+03 1.869468E+20
-2.355781E+05 -2.586200E+05 -4.239428E+05 1.769101E+03 2.108886E+03 1.063762E+03 1.788711E+20
-5.139476E+05 2.448755E+05 3.904396E+05 -2.283304E+03 -1.077312E+03 6.756064E+02 9.510404E+20
4.497002E+05 -1.160180E+05 -4.381393E+05 -6.612184E+02 2.494049E+03 -1.927471E+03 8.703020E+19
-6.149709E+04 2.553371E+05 4.979043E+04 1.483360E+03 1.971801E+03 2.713925E+03 8.327048E+20
-3.613703E+05 -4.657094E+05 4.590703E+05 -2.934849E+03 -1.371654E+03 -8.117049E+02 3.298842E+20
1.354856E+05 -2.365584E+05 -5.756069E+04 -1.631502E+03 2.234623E+03 2.736602E+03 6.607295E+20
-2.344459E+03 2.963867E+05 4.222011E+05 -2.288518E+03 -4.407755E+02 1.534612E+03 1.668614E+20
-8.326957E+04 -5.767282E+05 -2.133356E+05 6.003605E+02 1.050574E+03 -4.588854E+02 2.702402E+20
1.109091E+04 -4.791778E+05 -4.657462E+05 1.043765E+03 2.304300E+03 -1.523478E+03 4.829305E+20
-4.576196E+05 -7.597686E+04 4.925847E+05 -1.380472E+03 -3.925458E+02 1.698435E+03 7.421995E+20
4.443047E+04 -5.459787E+05 -2.776042E+05 2.972685E+03 -1.319307E+03 5.909459E+02 6.236500E+20
-2.434652E+05 -4.180713E+04 -2.881077E+05 1.948338E+03 2.065644E+03 -7.700112E+02 1.183395E+20
2.054887E+05 2.282822E+05 -5.736321E+05 -2.040588E+03 1.850550E+03 1.231438E+03 9.521386E+20
-3.057566E+05 3.529404E+05 4.908865E+05 -2.723542E+03 2.294614E+03 -2.347029E+03 3.603919E+19
-3.495913E+05 2.997321E+05 1.769875E+05 2.460554E+03 1.784167E+03 -6.211617E+02 9.066896E+20
1.618266E+05 -4.231624E+05 -5.174316E+05 -5.858010E+02 2.874312E+03 -9.351477E+02 8.080572E+20
-5.857391E+05 -2.523357E+05 1.876225E+05 7.583831E+02 -2.415725E+03 2.091439E+03 3.644325E+20
-4.479135E+05 4.016178E+05 -3.733990E+05 -2.994518E+03 -4.016854E+00 4.665248E+02 5.240363E+20
5.940854E+05 -2.840387E+05 6.017421E+04 1.974933E+03 -5.475134E+02 2.068199E+02 8.932010E+20
-4.972127E+05 -5.604244E+05 1.593967E+05 -2.928444E+03 -1.720287E+03 1.050912E+03 5.094235E+19
-5.027454E+05 1.651243E+05 -2.145414E+05 2.760429E+03 -9.912219E+02 1.415556E+03 6.097770E+20
5.288466E+05 -2.381101E+04 -5.314233E+05 2.923959E+03 -2.045173E+03 2.851230E+03 5.240403E+20
-1.058367E+05 -4.481276E+05 1.447423E+05 1.242699E+03 1.625168E+03 -2.650013E+01 7.232802E+20
-2.620350E+05 7.737554E+04 3.938800E+05 -2.730861E+03 -1.017867E+03 -2.655734E+03 4.202609E+20
-3.541426E+05 4.779504E+05 -5.080441E+05 1.934100E+03 8.850707E+02 -1.116973E+03 2.201006E+20
3.135259E+05 3.484095E+05 3.938633E+05 2.372128E+03 -7.355191E+02 -1.548832E+03 1.838163E+20
-1.789802E+05 3.838918E+05 -3.244181E+05 -1.451390E+03 1.784556E+03 -1.126755E+03 8.704190E+20
5.679481E+05 5.065940E+05 -4.687584E+05 -6.515730E+02 -2.703628E+03 1.729911E+03 8.009018E+20
9.710838E+04 4.231578E+05 -3.082295E+05 -8.400992E+02 -1.977370E+02 1.767676E+03 1.971136E+20
-1.219210E+05 -1.420737E+05 4.576119E+05 2.098959E+03 1.247950E+03 1.544117E+03 1.984765E+20
4.780577E+05 3.417287E+05 6.858858E+04 2.153631E+02 -1.817069E+03 -4.204865E+02 1.398333E+19
7.079571E+04 -4.383302E+05 4.473626E+04 1.723511E+03 -2.402369E+03 -6.194472E+02 7.810985E+20
3.418123E+05 -3.888585E+05 5.023039E+05 4.989748E+02 -1.486432E+02 -1.815749E+03 9.302196E+20
-3.846493E+05 -1.680235E+05 5.723476E+05 1.757251E+03 1.317755E+03 -1.276894E+03 7.860885E+20
3.183369E+05 5.322804E+05 -2.021447E+05 6.256151E+02 -1.420419E+03 1.425097E+03 1.767224E+20
-3.659816E+05 4.371495E+05 4.806727E+05 -2.366668E+03 2.309577E+03 1.309683E+02 5.106613E+20
2.470825E+05 2.915448E+05 -4.597862E+05 2.826091E+03 -1.281774E+03 1.921109E+03 7.031416E+20
5.847563E+05 1.675400E+04 3.028075E+05 1.642534E+02 2.774134E+02 -6.071709E+02 7.802787E+20
6.913291E+04 -4.636511E+05 5.854821E+05 2.142465E+03 7.438095E+02 6.545218E+02 6.820992E+19
-1.512477E+05 -1.306804E+05 7.461488E+04 2.807760E+03 1.302992E+03 -2.398171E+03 3.799712E+20
-4.470602E+05 -1.382321E+05 -5.722694E+05 7.425560E+02 -2.677098E+03 9.995300E+02 5.474287E+20
1.325409E+05 1.434186E+05 2.589645E+05 4.026124E+02 -2.376906E+03 -6.144915E+02 5.359817E+20
4.779711E+04 -2.920961E+05 -4.013506E+05 -1.369250E+03 -2.600103E+03 -1.711839E+03 9.753657E+20
5.926616E+05 -1.985630E+05 4.160308E+05 -2.726324E+03 1.363076E+03 -1.471216E+03 5.794898E+20
-2.820575E+05 7.431904E+04 -4.570404E+05 -1.521534E+03 1.818364E+03 2.738441E+03 2.578794E+20
2.524142E+05 5.732325E+04 2.787539E+05 -2.213698E+03 5.428141E+02 -1.678560E+03 9.733215E+20
-2.011856E+05 -4.569859E+05 -3.739673E+04 1.667298E+03 1.902977E+03 2.925102E+03 8.614170E+20
7.875765E+04 4.709198E+05 -4.689990E+05 -4.130584E+02 -2.993897E+03 1.477256E+01 2.240319E+20
2.560562E+05 -5.110689E+05 -3.401974E+05 -2.952804E+03 7.526638E+02 1.019959E+03 4.047932E+19
-4.876801E+05 5.178451E+05 -1.433192E+05 -2.975367E+03 2.748355E+03 -7.956857E+02 6.778470E+20
5.730640E+05 3.792080E+05 2.113492E+05 -2.948539E+03 2.158506E+03 -7.775694E+02 5.999145E+20
1.393574E+04 5.256348E+05 -4.931349E+05 2.356507E+03 1.500627E+03 4.302902E+02 4.894073E+20
4.483261E+05 5.362424E+04 -1.799495E+05 -2.984855E+03 -1.835311E+03 -2.311325E+02 5.273695E+20
-4.909734E+05 1.890626E+05 7.188767E+04 1.097940E+03 1.337855E+03 2.306694E+03 1.136243E+19
3.352181E+05 -3.466420E+05 3.566686E+04 -1.062924E+03 1.036382E+02 -1.714927E+03 5.874566E+20
-5.313705E+05 3.970867E+05 -1.886496E+05 -1.052364E+03 -2.039414E+03 1.374632E+03 6.700062E+20
1.716485E+05 1.443021E+05 -3.347905E+04 -4.411532E+02 -1.399951E+03 -8.608730E+02 4.541053E+20
-7.794644E+04 -2.280141E+04 -4.125779E+05 1.410720E+03 2.029246E+03 7.123657E+02 7.231301E+20
-4.456553E+05 4.345778E+05 -4.278571E+05 -2.376472E+03 2.523980E+03 -1.743675E+03 3.095397E+20
2.535637E+05 -4.105308E+05 3.637419E+05 5.245627E+01 2.474428E+03 -2.519519E+03 2.135017E+20
4.540870E+05 1.733165E+05 2.220920E+05 -1.626539E+03 -1.840384E+03 -3.721395E+02 8.643994E+20
6.596072E+04 4.298778E+04 3.033771E+04 -7.939925E+02 9.323498E+02 2.917279E+02 2.994203E+20
-5.835671E+05 -2.216685E+05 1.220501E+05 -1.198276E+03 -2.086254E+03 -4.869321E+02 7.504182E+20
1.459207E+05 -5.902542E+05 4.783159E+05 -1.670610E+03 -1.186113E+03 -1.641549E+03 6.492082E+20
3.780147E+05 -1.968354E+05 -2.164715E+05 -2.827787E+03 -3.990272E+02 -8.384626E+02 3.046391E+20
2.578639E+05 4.549547E+05 1.208483E+04 -8.670806E+02 2.969684E+03 2.873188E+03 5.892968E+20
-3.327092E+05 3.439336E+05 3.753550E+05 1.173748E+03 8.974508E+02 7.781058E+02 2.099662E+20
3.524919E+05 -2.054806E+05 -4.342745E+05 -2.110943E+03 -2.401112E+03 -2.632727E+03 2.007152E+20
4.357770E+05 4.234450E+05 -4.905332E+05 1.866420E+03 -1.515469E+03 1.074300E+03 7.260897E+20
1.081592E+05 -3.014639E+05 -2.611535E+05 3.524380E+02 -2.619412E+03 2.213943E+03 5.348196E+20
4.336277E+05 1.544846E+05 -4.716182E+05 1.689936E+03 7.423947E+02 -1.689753E+03 6.713034E+20
1.799576E+05 -5.655464E+05 1.232462E+05 2.382357E+03 2.611377E+03 -1.208846E+03 7.569701E+20
-6.956562E+04 -1.861774E+05 -2.934270E+05 2.976459E+03 -2.269055E+03 2.286138E+03 6.351122E+20
3.807523E+05 -9.145535E+04 3.538866E+05 2.682124E+03 2.275865E+03 1.514441E+03 3.837896E+20
3.037863E+05 -4.878786E+05 3.719986E+05 3.972295E+01 2.918159E+02 -2.628013E+03 8.700872E+20
-1.869563E+05 -4.890471E+05 -4.470358E+05 -2.327300E+03 -1.704333E+03 1.174595E+03 7.261566E+20
-3.992085E+05 -5.869423E+05 5.058548E+05 8.375680E+02 -1.734102E+03 -2.967145E+03 6.675921E+20
3.709528E+05 -5.017786E+05 -5.673461E+05 2.795344E+03 2.411695E+03 2.595913E+03 3.726731E+20
2.488327E+05 -7.921319E+04 5.299194E+05 -6.289681E+02 2.827926E+03 2.719207E+03 5.413265E+20
3.997760E+05 1.725724E+05 5.375103E+04 2.598786E+03 -8.244349E+02 -2.886358E+03 4.381069E+20
1.588201E+05 -4.871902E+05 -3.103307E+05 6.994083E+02 -2.153530E+03 -7.455978E+02 1.664943E+20
1.352817E+05 -1.989381E+05 5.542100E+05 -3.217613E+02 2.643061E+03 -1.774102E+03 8.449713E+20
-4.602098E+05 -4.116476E+05 1.556660E+05 2.608060E+03 -1.800531E+02 7.869018E+02 6.281670E+20
-3.146978E+04 5.128750E+05 -5.385843E+05 -1.806788E+03 -2.624350E+03 -1.575609E+03 9.916544E+20
-5.539567E+05 -2.401920E+05 4.890352E+05 -6.568365E+02 -1.591706E+03 4.147397E+02 4.286367E+20
3.294053E+05 -8.435380E+04 -5.919210E+05 -4.229302E+02 1.119671E+03 2.104483E+03 1.257331E+20
-4.432656E+05 3.034573E+05 -2.772641E+05 1.513447E+02 -7.467067E+02 1.668051E+03 8.642816E+19
5.269064E+05 -1.127707E+04 -3.798913E+05 -3.048142E+02 -2.931517E+03 -5.412279E+02 6.513760E+20
-2.718533E+04 -3.475417E+05 -8.455867E+04 -1.240467E+03 2.829855E+03 -2.672174E+03 5.842962E+20
5.067062E+05 -2.972937E+05 -4.943684E+05 -2.009077E+02 1.787221E+03 2.993320E+03 3.299235E+20
5.000269E+05 4.865698E+05 -5.209450E+05 -7.617634E+02 2.418215E+03 4.380554E+02 1.856535E+20
3.053355E+05 -2.507930E+05 -1.046985E+05 -2.657668E+01 -2.051309E+03 1.462037E+03 4.344699E+20
3.057553E+05 1.387758E+04 4.555904E+05 -2.250683E+03 -1.453398E+03 1.277661E+03 3.545965E+20
-4.524253E+05 5.087869E+05 4.367154E+04 -1.920309E+03 -8.993043E+01 -5.471370E+01 6.150476E+19
-2.013956E+05 3.723741E+05 1.313485E+05 1.150834E+03 2.590556E+03 -2.118163E+03 7.750744E+20
-1.574512E+02 1.681496E+05 7.507474E+04 -2.174809E+03 2.577569E+03 -1.500869E+03 6.919761E+20
-4.339114E+05 -2.310052E+05 -2.274138E+05 -1.033435E+03 -6.869944E+02 -7.134077E+02 8.774650E+20
2.710988E+05 -5.573935E+05 1.660077E+05 -5.742607E+02 -1.345189E+03 5.433523E+02 9.430914E+20
-4.288087E+05 -3.795124E+05 1.531478E+03 -8.982631E+02 1.651113E+03 -1.708510E+03 7.281092E+20
5.899813E+05 2.837017E+05 -1.435865E+05 -9.311290E+02 -1.007250E+03 5.294352E+02 9.029994E+20
-1.254847E+05 1.263496E+05 -2.117163E+05 -2.400390E+03 1.039006E+03 1.888958E+03 8.370907E+20
3.960426E+05 4.743619E+05 -1.534723E+05 -2.730762E+03 -1.337426E+03 -4.699285E+02 6.545355E+20
-7.141880E+03 2.710138E+05 -2.456789E+05 -3.946735E+02 -2.866734E+03 -2.375306E+03 7.969450E+20
1.096898E+05 -2.330251E+05 -2.308621E+04 2.520444E+03 -2.579381E+03 -1.447176E+02 9.368748E+20
2.934780E+05 -3.064752E+05 5.619862E+05 -1.309111E+03 -1.461415E+03 2.911582E+03 9.396275E+20
5.890096E+05 -4.387378E+05 -1.344108E+04 -2.612280E+03 -9.800997E+02 1.233989E+03 3.194930E+19
5.462482E+05 -3.506796E+05 -3.639260E+05 -2.479864E+02 -2.734421E+02 5.402067E+02 3.595348E+20
-1.131094E+05 7.841869E+02 -2.612596E+05 -2.339190E+03 -1.889313E+03 -2.911590E+03 6.147635E+20
4.165918E+05 1.575332E+05 5.366292E+05 -7.164441E+02 -9.498609E+02 2.664033E+03 6.787387E+20
-7.818652E+04 -4.354615E+05 -3.953432E+05 1.855465E+02 -2.724428E+03 -1.633213E+03 6.403300E+19
5.169919E+05 1.115063E+05 -9.950906E+04 7.891882E+02 -1.586432E+03 7.249737E+02 9.393191E+20
4.918897E+04 -5.332384E+04 4.882106E+05 2.745048E+03 -1.099783E+03 -2.185886E+03 1.148250E+20
1.152114E+05 -1.250752E+05 2.572891E+05 2.687817E+03 1.667889E+03 -1.353648E+03 7.510798E+19
3.420892E+04 -3.001636E+05 5.079345E+05 5.107137E+02 -4.275034E+01 6.659480E+02 5.398826E+20
-8.325399E+03 2.408709E+05 -5.202378E+05 2.000198E+03 1.208025E+02 -2.792908E+03 3.401919E+20
-4.925343E+05 -5.884852E+05 -4.496970E+05 -2.478820E+03 -1.869324E+03 -2.686809E+03 7.714386E+20
-1.156282E+05 -2.373163E+05 2.013967E+05 8.818316E+02 -2.453517E+03 -2.969249E+03 3.788681E+20
-1.009133E+05 1.999022E+05 -4.570624E+05 1.859095E+03 -9.395375E+02 1.156553E+03 3.246177E+20
-2.510056E+05 8.689714E+04 -5.333096E+05 8.175832E+02 -1.012749E+03 -2.992391E+03 9.068350E+20
3.272466E+05 1.025977E+05 -7.698976E+04 -2.187756E+03 8.364416E+00 1.513408E+03 9.042086E+20
2.876626E+05 -4.427829E+04 6.160233E+04 1.848327E+03 2.245382E+03 -1.439617E+03 8.612304E+20
-2.734266E+05 -3.801430E+05 2.022213E+05 -8.939556E+02 -6.320063E+02 -1.905732E+02 3.136936E+20
-4.177129E+05 4.322791E+05 -1.357840E+05 -1.223630E+03 -5.806500E+02 1.703219E+03 2.964982E+20
7.621939E+04 1.258221E+05 4.981450E+05 -1.989577E+03 3.157138E+02 1.910321E+03 5.923741E+20
1.916109E+04 2.701915E+05 -3.910472E+05 2.502884E+03 5.519034E+02 -2.514098E+03 4.344227E+20
4.028093E+05 4.161283E+05 3.114648E+04 -2.261504E+03 -2.683365E+03 6.699723E+02 9.247389E+20
-3.066021E+05 -5.180814E+05 4.950977E+05 -2.522086E+03 -1.544526E+03 -2.655179E+03 1.116492E+20
4.898647E+05 -6.385581E+04 1.930878E+05 -2.604040E+02 -2.610141E+02 -2.790284E+03 7.908122E+20
-2.951896E+05 5.736419E+05 1.528483E+05 -1.086989E+03 -2.266313E+03 -2.472605E+03 9.124387E+20
-1.130393E+05 2.721201E+05 3.254227E+04 2.463147E+03 5.216423E+02 -1.959393E+03 7.160526E+20
-2.938427E+05 5.573770E+05 -4.813644E+04 2.548241E+03 -1.846969E+03 2.954700E+03 2.784614E+19
5.312269E+05 -3.728001E+05 -5.755925E+05 1.289141E+03 1.483277E+03 -1.019067E+03 9.211456E+20
3.098529E+05 -3.504860E+05 1.608305E+05 -2.517171E+03 2.157397E+03 -5.182170E+02 5.679237E+20
4.039483E+04 2.495330E+05 -3.187312E+05 -1.124285E+02 1.811048E+03 -2.483640E+03 7.268782E+20
4.118693E+05 1.481811E+05 -2.648864E+05 -2.464229E+03 -2.655718E+03 1.102704E+03 5.776569E+19
4.625293E+05 3.890110E+05 3.338805E+05 3.525556E+01 1.075760E+03 8.105968E+02 5.803607E+20
-3.745508E+05 -5.660340E+05 -1.266213E+05 2.133479E+03 -1.848566E+03 -2.339124E+02 7.452005E+19
4.077629E+05 1.947975E+04 5.749290E+05 9.620312E+02 2.345460E+03 -1.593232E+02 4.231554E+20
-2.590503E+05 4.642884E+04 6.514756E+04 -1.461287E+03 2.792759E+03 2.622806E+03 3.250411E+20
1.075033E+05 5.590347E+05 2.586246E+04 -1.311357E+03 7.078998E+02 -2.256700E+02 3.666127E+20
-1.220228E+05 -4.131317E+05 -5.138905E+05 9.639481E+01 -7.877072E+02 2.796913E+03 8.364242E+20
-3.494328E+05 5.450172E+05 -3.924576E+05 1.609751E+03 -1.254976E+03 -2.076381E+03 9.840186E+20
-2.697117E+05 4.722205E+05 2.677281E+05 -2.459718E+03 -1.822916E+03 2.214321E+03 7.811960E+20
-2.771576E+05 5.136201E+05 4.352279E+05 -9.947916E+02 1.430783E+03 2.466280E+03 3.491471E+20
4.126010E+05 5.697278E+04 -8.449107E+04 9.774239E+00 1.307448E+03 2.537569E+03 8.238776E+20
-5.182978E+04 2.277843E+04 -1.960104E+05 9.527253E+02 4.494150E+02 2.832970E+03 9.558816E+20
5.001331E+05 -5.491126E+05 3.392367E+05 -2.450415E+03 2.501380E+03 -6.380820E+02 7.603530E+20
-4.112269E+05 2.753841E+05 5.476270E+05 5.277599E+02 -8.240039E+02 2.589728E+03 5.429351E+20
-4.787871E+05 2.626277E+05 -2.182793E+05 -1.657718E+03 1.462907E+02 -2.368236E+03 2.044214E+20
-2.538573E+05 3.982786E+05 3.910611E+05 2.144927E+03 1.238049E+02 3.147106E+02 2.084026E+20
-3.845139E+05 -1.019454E+05 -2.022280E+05 2.106381E+03 -2.095512E+03 2.439567E+03 5.205657E+20
-4.512848E+05 1.626483E+04 -3.135051E+05 -7.426662E+02 -2.971428E+02 -2.522941E+03 8.915914E+20
2.012661E+05 -6.097747E+04 -2.445475E+05 1.784245E+03 -2.048664E+03 7.652661E+02 1.841597E+20
-6.843560E+03 1.478385E+05 4.102352E+05 -2.402929E+03 -2.574872E+03 -5.612689E+02 2.857993E+19
-3.237999E+05 1.683598E+05 4.283383E+05 4.837148E+02 1.460290E+03 8.495166E+02 2.942896E+20
-4.984052E+05 4.849810E+05 4.583890E+05 -1.947494E+03 -3.048246E+02 7.110459E+00 1.045327E+19
-2.185183E+05 -5.659616E+05 -1.541577E+05 -2.603260E+03 -8.553158E+02 2.494683E+03 8.553065E+20
3.792851E+05 5.158790E+05 5.230775E+05 -1.777845E+03 2.518570E+03 2.381657E+03 8.107339E+19
-3.930914E+05 -5.271868E+05 1.740664E+04 -1.164410E+03 2.157157E+03 8.546313E+01 6.447299E+20
-7.813986E+04 -1.868002E+05 5.347047E+05 -7.037922E+02 -1.948413E+03 -3.119159E+02 5.695552E+20
3.556448E+05 5.681426E+05 5.331484E+05 2.282103E+03 -8.240151E+02 4.713371E+02 2.690077E+20
5.432376E+05 1.299962E+04 2.520707E+05 8.165224E+02 -2.662265E+03 1.246081E+03 1.423511E+20
5.403387E+05 5.491801E+05 -3.674542E+05 1.027826E+03 -1.459219E+03 -4.332350E+02 5.068301E+19
3.447771E+05 5.428572E+05 -4.045312E+04 1.426524E+02 -9.416303E+02 -9.943130E+02 1.211473E+20
-5.277824E+05 -3.402513E+05 -3.670442E+05 -1.049621E+03 1.429654E+03 -1.368725E+03 4.181444E+19
-3.335399E+05 1.297445E+05 3.085215E+05 -1.668918E+03 3.325581E+02 -8.312357E+02 5.073379E+20
-5.099579E+05 -5.137697E+05 5.456393E+05 1.617207E+03 -2.380526E+03 2.184089E+03 2.641360E+20
-3.977541E+05 2.469193E+05 -2.690319E+05 2.189918E+03 2.022302E+03 -1.854465E+03 9.029187E+20
4.798169E+05 -1.072322E+05 -1.773032E+05 -1.446603E+03 1.648995E+03 1.529104E+03 6.707095E+20
4.644773E+04 4.288490E+05 4.608781E+05 1.018022E+03 -1.419318E+03 1.107085E+03 8.395588E+20
-4.255229E+05 -2.422330E+05 2.326261E+04 2.381233E+03 -1.677013E+03 7.398950E+02 4.432006E+20
-4.022092E+04 -1.908540E+05 -3.420895E+05 -2.558065E+03 -1.935271E+02 1.802306E+03 7.043188E+19
4.780599E+05 -5.712591E+05 -4.016488E+05 -1.789425E+03 2.201219E+03 -1.109301E+03 3.743001E+20
-3.382715E+05 -1.331768E+05 1.258846E+05 1.836872E+03 1.398573E+03 -8.903854E+02 5.101510E+20
-1.479496E+05 4.496433E+05 -3.005955E+05 8.885636E+01 6.647073E+02 1.771927E+03 7.545085E+20
4.908867E+05 2.794647E+05 -4.793102E+05 -7.297052E+02 2.700386E+03 -2.670326E+03 8.626884E+20
-4.456741E+05 -4.568949E+05 3.559578E+05 -2.972226E+03 -2.447496E+03 -2.293565E+03 4.681426E+20
2.435826E+05 9.028734E+04 6.078044E+04 1.088031E+03 -1.639155E+03 2.232209E+03 1.632056E+20
3.734242E+04 -2.917966E+05 -3.376059E+05 -2.157166E+03 -2.127047E+02 3.666751E+02 4.843303E+20
4.419001E+05 6.045822E+04 3.231313E+05 2.700737E+03 2.491395E+03 -8.162158E+02 2.027680E+20
-9.855242E+04 3.294431E+05 5.443717E+05 -1.009215E+03 1.118156E+03 2.342695E+03 9.020849E+20
2.732553E+05 4.025492E+05 2.495758E+05 1.963078E+03 -8.922287E+02 -2.316712E+03 3.482175E+20
1.669769E+04 6.827655E+04 -2.771127E+04 9.375744E+02 -4.814930E+02 3.552273E+01 9.699461E+20
-1.976275E+05 5.090636E+04 2.450542E+05 9.563582E+02 1.926169E+02 9.647673E+02 6.771603E+20
-2.856605E+05 -3.561521E+05 5.205144E+05 -2.999756E+03 -4.906561E+02 2.482678E+03 6.199049E+20
4.639626E+05 2.728535E+05 2.557825E+05 1.574635E+02 5.904209E+02 -1.218170E+03 3.367326E+20
2.087362E+05 -1.198147E+05 3.808187E+05 -1.301554E+03 -1.986971E+02 1.689897E+02 4.399133E+20
1.977685E+05 7.810829E+04 -3.483107E+05 1.408305E+03 -2.622735E+03 -4.331645E+02 9.364860E+20
1.305424E+05 -3.605863E+05 4.618967E+05 2.451018E+03 -2.802068E+03 1.464102E+03 5.939401E+20
-1.060813E+05 -1.148036E+05 -2.699772E+05 -2.861124E+03 -2.513141E+03 -4.220861E+02 2.337661E+20
-6.789820E+04 6.656812E+04 -4.479819E+05 -2.474095E+03 -2.145722E+03 9.213624E+02 2.301005E+20
-5.274538E+05 -4.772519E+05 1.259075E+05 1.582006E+03 -2.650464E+03 -1.433754E+02 5.534876E+20
3.726422E+05 -2.186478E+05 -3.938852E+05 -1.986060E+03 6.611185E+02 2.751923E+03 7.543769E+19
5.690971E+04 -4.198817E+04 5.864137E+05 7.019445E+02 -2.512663E+02 1.380148E+03 8.435195E+20
3.751583E+05 -3.338309E+05 -5.862720E+05 -2.776885E+02 1.350837E+02 3.339773E+02 4.806490E+20
2.542983E+05 -2.572516E+05 1.033946E+05 -4.757078E+02 -1.867003E+03 -1.362767E+03 7.464464E+20
-3.234416E+05 1.810179E+05 3.886637E+05 -5.630146E+02 1.720236E+02 2.906318E+03 4.968097E+20
-1.794382E+05 5.328696E+05 2.901215E+05 1.052562E+03 4.655603E+02 2.323677E+03 9.402485E+20
-1.154405E+05 -4.600511E+05 -4.903055E+05 -2.977974E+03 -2.495891E+03 1.058306E+03 3.631003E+19
-2.416187E+05 -1.212880E+05 -3.472210E+05 -2.212086E+02 -2.532461E+03 -2.345635E+03 6.639959E+19
3.816173E+05 -1.042238E+05 -3.925141E+05 1.766005E+02 -1.848568E+03 -7.036110E+01 4.327951E+20
-5.069950E+05 -1.595560E+05 2.774263E+05 -1.905523E+03 3.157042E+00 -2.086227E+03 7.980760E+20
-1.191596E+05 -3.313860E+05 -4.930386E+05 1.622968E+03 1.543163E+03 -9.648318E+02 6.401927E+20
-1.162929E+05 -2.407888E+05 9.330452E+04 -1.417903E+03 2.819914E+03 -8.390203E+02 4.604525E+20
-2.767931E+05 -2.377919E+05 5.880189E+05 1.683226E+03 -2.493567E+03 -1.744979E+03 1.239730E+20
-5.586713E+05 1.406374E+04 -4.052980E+05 -2.490110E+02 2.837163E+03 4.399111E+02 1.488815E+20
9.732606E+04 -2.059644E+05 5.930949E+05 1.734505E+02 -1.825417E+03 2.331046E+03 8.703615E+19
-5.161118E+05 -5.699039E+05 -4.422571E+05 -9.849220E+02 8.145423E+02 -2.163730E+03 7.014247E+20
-4.013376E+05 2.910325E+05 -2.691700E+05 -6.516111E+02 -2.087360E+03 -2.300311E+03 1.691310E+20
-2.149453E+05 -4.954545E+05 1.892700E+05 3.439793E+02 1.125536E+03 1.003894E+02 1.557316E+19
-3.572506E+05 3.783278E+05 2.659828E+05 -2.576182E+03 -1.348445E+03 -1.353217E+02 4.355510E+20
5.192436E+05 -2.470342E+05 7.355491E+04 -2.903628E+03 1.281341E+03 2.873995E+03 8.784546E+20
-4.128167E+04 4.616256E+05 -5.026562E+05 5.172488E+02 1.656529E+03 -2.894059E+03 2.915655E+20
2.557367E+05 -1.845819E+05 -5.297363E+04 2.852963E+03 1.596843E+03 -2.948518E+03 7.889422E+20
-5.222476E+04 -4.780137E+05 -2.187773E+05 -1.257544E+03 1.854118E+03 1.996499E+03 7.306291E+20
2.074661E+05 -5.303954E+05 -2.713363E+05 -2.827411E+03 -2.880324E+03 1.328770E+03 5.516268E+20
1.202859E+05 -3.689882E+05 -5.173761E+05 -2.953186E+03 1.520183E+03 2.556118E+02 1.552303E+20
5.043905E+05 -1.593974E+05 -1.893223E+05 2.333892E+03 2.666776E+03 1.165882E+03 9.604071E+20
2.565784E+05 1.212613E+05 9.491121E+04 -1.169135E+03 -8.492503E+02 -8.442621E+02 5.979495E+19
-4.736352E+05 5.212614E+05 -4.615743E+04 -2.443858E+03 1.489664E+03 -2.100149E+03 1.871695E+20
-3.685100E+05 1.469992E+05 2.275527E+05 2.203782E+03 3.331867E+02 -1.446591E+03 5.384195E+20
5.285947E+05 5.859700E+05 -1.630630E+05 -5.017555E+02 2.131668E+03 2.011362E+03 8.284358E+20
-5.426512E+05 -4.156672E+05 -1.814883E+05 2.822732E+03 2.157831E+03 3.355211E+02 9.016138E+20
1.521177E+05 4.318049E+05 -4.714866E+05 2.423977E+03 -1.534915E+03 -4.538896E+02 6.435858E+19
-2.320396E+05 4.083580E+03 2.778051E+05 -1.428834E+03 1.635371E+03 -1.459239E+03 4.983468E+20
4.408515E+05 5.100674E+05 3.825216E+05 2.226888E+03 -2.416525E+03 2.962052E+02 8.552413E+20
2.897433E+04 2.423282E+05 -4.447935E+05 -1.156818E+03 7.941913E+02 2.762595E+03 6.718382E+20
-4.217083E+05 1.251317E+05 -2.031291E+05 2.826759E+03 4.942664E+01 1.857553E+03 5.415302E+20
1.284108E+05 -3.123219E+05 3.522094E+05 -3.850829E+02 1.918758E+03 9.912113E+02 3.162281E+20
-5.904925E+05 -3.112676E+05 7.707048E+04 -1.884934E+03 7.083000E+02 -4.079407E+02 3.789246E+20
-3.532099E+05 -2.204632E+05 -2.260274E+04 -1.330373E+03 1.009290E+03 -2.572736E+03 7.800608E+20
-3.269633E+05 -1.458653E+05 -4.261911E+05 -4.340846E+02 -1.354554E+03 7.143843E+02 2.974206E+20
-2.011399E+05 -7.568504E+04 -3.700366E+05 2.725150E+03 2.117912E+03 -1.586070E+03 1.064819E+20
1.091572E+05 -1.752338E+05 4.649538E+05 2.431442E+03 -9.785195E+02 -8.223033E+01 7.729908E+20
-2.692006E+05 1.796512E+04 5.313328E+05 1.266788E+03 -1.846745E+03 -2.249754E+03 8.989018E+19
4.014012E+05 -5.244281E+05 3.262812E+05 -1.819873E+03 -1.456055E+03 -9.823602E+02 4.400852E+20
3.218764E+04 -4.459434E+04 4.169832E+05 7.937835E+02 -2.092130E+03 -5.501919E+02 2.571864E+20
4.993198E+05 -4.653943E+04 -3.379434E+05 2.110426E+03 2.052053E+03 1.480934E+03 3.863931E+20
-2.394035E+04 4.156529E+04 -2.414981E+05 -1.038995E+03 -2.663726E+03 -1.932836E+03 6.241499E+20
2.771014E+05 1.257190E+05 3.229976E+05 -2.451922E+03 -2.280857E+03 2.537418E+03 4.643208E+20
-2.049884E+05 -1.966136E+05 -2.784646E+05 1.166623E+03 -9.673082E+02 -2.900702E+03 4.587987E+20
-4.943246E+05 -2.105610E+05 3.929780E+05 -6.024865E+02 -2.244824E+03 9.947533E+02 8.982245E+20
1.861554E+05 -3.094010E+05 4.687472E+05 2.737633E+03 -1.724037E+03 8.078561E+02 7.918432E+20
-4.062666E+05 -2.563601E+05 -4.467198E+05 -1.145289E+03 8.648623E+02 1.070269E+03 9.631223E+20
2.109217E+05 3.812798E+05 -2.957726E+05 2.088799E+03 -2.504593E+03 2.769772E+03 3.984107E+20
-1.848452E+05 -5.490828E+05 1.437484E+05 1.554483E+02 2.893992E+03 1.535973E+03 2.150353E+20
1.246587E+05 4.956534E+05 -2.180254E+04 1.501141E+03 -2.120237E+03 -2.288972E+03 6.228938E+20
4.196327E+05 4.299255E+05 -2.160661E+05 1.049478E+03 -1.896035E+03 1.528411E+03 5.373114E+20
3.082668E+05 5.165160E+05 -3.787625E+04 9.988926E+02 -2.221928E+03 -2.006213E+03 8.918371E+19
3.761536E+05 -5.986108E+05 -1.313287E+05 -1.759243E+03 -9.023683E+02 -2.366204E+03 2.800473E+20
3.720768E+05 -5.378298E+05 1.986728E+04 -2.929202E+03 -1.254440E+03 -6.824387E+02 6.910597E+20
-4.927712E+05 3.516200E+05 1.375165E+05 -2.932754E+03 -1.889909E+03 9.645980E+02 9.270668E+20
5.757471E+04 -5.128457E+05 -3.563794E+05 2.951802E+03 1.106473E+03 -1.172103E+03 8.730980E+20
-5.775110E+05 3.692425E+05 2.593261E+04 -7.047346E+02 9.106909E+01 -6.559809E+02 3.197501E+19
-3.464437E+05 4.191673E+05 -4.526110E+05 -2.802323E+03 6.069832E+01 2.151591E+03 8.824839E+20
3.804216E+05 5.171011E+05 3.571164E+04 -4.324191E+02 6.314019E+02 -2.291791E+02 6.313945E+20
2.548893E+05 -1.344851E+05 3.227881E+05 -1.869033E+03 1.372483E+03 -1.478189E+03 4.944124E+20
-3.773177E+05 2.781869E+05 -1.511644E+05 -1.740901E+03 1.559568E+03 9.646661E+02 7.983955E+20
3.641329E+05 5.643522E+05 -3.673982E+05 2.398477E+03 1.492242E+03 -8.940994E+02 9.980977E+20
5.489890E+05 -3.502408E+04 1.930535E+05 -2.950261E+03 1.576289E+02 -1.712789E+03 2.436071E+20
2.862598E+05 3.740819E+05 4.643687E+05 -2.750623E+03 1.549369E+03 -3.027079E+02 2.491395E+20
3.803997E+03 3.244913E+05 -2.639683E+05 -2.084403E+03 -1.698382E+03 4.183110E+02 7.515218E+20
4.703006E+05 -1.266885E+05 -1.483750E+05 1.140140E+03 -2.609609E+03 2.228882E+02 8.412543E+20
-3.021515E+05 3.280126E+05 -3.504622E+05 -1.761755E+01 -1.341041E+03 1.883263E+03 7.247483E+20
2.520384E+05 -1.455044E+05 3.182757E+05 -9.116196E+02 -2.455873E+03 1.190563E+03 4.660540E+20
-5.174136E+05 -4.091505E+05 -1.333717E+05 8.566496E+02 -9.979635E+02 8.928570E+02 5.656683E+20
7.693418E+04 -3.012928E+05 9.083657E+04 -1.458821E+03 2.394253E+03 -2.915835E+03 6.033657E+20
2.982644E+05 1.187032E+05 2.023895E+05 -1.790474E+03 1.833152E+03 -1.939391E+03 1.008839E+20
3.230450E+05 -1.843114E+05 5.997097E+05 -5.112135E+02 -1.387606E+03 -1.597196E+03 4.264551E+20
-5.303513E+05 2.708435E+05 4.926485E+05 -4.247748E+02 7.924514E+02 1.407049E+03 3.027016E+20
-4.040531E+05 -3.492506E+05 2.525654E+04 1.714888E+03 -7.591180E+02 -1.006493E+02 1.487654E+20
-5.268046E+05 4.260559E+05 4.270484E+05 -2.168573E+03 3.917589E+02 -8.352279E+02 4.556769E+20
-1.662367E+05 -1.825394E+05 3.793107E+05 -2.331042E+03 2.117759E+03 5.255202E+02 2.090179E+19
1.007785E+05 3.134934E+05 3.215450E+05 1.010496E+03 -9.543773E+02 -1.606872E+03 2.323246E+20
3.910412E+04 4.318747E+05 1.482598E+05 -2.977382E+03 -1.178103E+03 2.159273E+03 9.672689E+19
-5.509271E+05 1.525348E+04 6.926547E+04 -5.023221E+02 -1.472673E+03 -1.488756E+03 5.464061E+20
-3.216057E+05 1.633003E+05 4.404448E+05 -1.141791E+03 1.312203E+03 -4.736801E+02 6.046162E+20
2.078065E+05 4.402535E+04 -1.884160E+05 2.847831E+03 -1.570451E+03 2.268834E+03 7.991896E+20
4.106003E+04 1.262399E+05 -1.914122E+05 1.553505E+03 2.347638E+03 -9.309553E+02 3.069650E+20
4.643931E+05 -7.493733E+04 -5.341416E+05 -2.799661E+03 2.767096E+03 1.775633E+02 6.764189E+20
-4.108053E+05 4.999958E+05 3.736258E+05 8.041862E+02 1.121634E+02 -1.861052E+03 6.180947E+20
-5.982870E+05 -4.372147E+05 -1.152333E+05 -2.318663E+03 2.268745E+03 8.915037E+02 2.372994E+20
-2.970038E+05 5.698968E+05 -3.502758E+05 -3.286552E+02 2.923285E+03 1.785822E+03 4.840149E+20
-5.782591E+05 -3.960161E+03 1.593052E+05 9.251710E+02 -2.058449E+03 2.719993E+03 3.379651E+20
-5.024278E+05 -5.306183E+05 4.802954E+05 -2.804109E+03 -2.132280E+03 -2.431548E+03 2.397048E+20
4.934069E+05 -6.060373E+04 1.738003E+05 -2.796672E+03 2.203897E+03 -1.846479E+03 7.497047E+20
-1.382107E+05 -5.138834E+05 4.443891E+05 1.553355E+03 -1.802463E+02 -2.115902E+02 2.313954E+19
5.610112E+05 -1.361268E+05 1.609748E+05 2.565531E+03 -2.341072E+02 2.513416E+03 1.320462E+20
-4.370426E+04 -1.718022E+05 1.575218E+05 -3.346210E+02 1.361078E+03 2.591716E+02 4.386204E+20
5.181144E+05 7.546950E+04 1.711399E+04 2.230201E+03 7.362047E+02 -2.719926E+03 3.056422E+20
5.368966E+05 3.315987E+05 1.028910E+04 -5.733936E+02 8.510881E+02 1.954435E+03 6.709688E+20
8.576776E+04 5.082474E+05 -1.071472E+05 4.208296E+02 2.080880E+03 -1.054966E+03 4.317363E+19
-1.416015E+05 2.333277E+05 4.476721E+05 6.861415E+01 -2.856804E+02 8.139531E+01 7.067422E+20
-1.836983E+05 -5.666649E+05 -1.640320E+05 1.803853E+03 2.381260E+03 -1.164779E+03 7.288476E+20
3.164451E+05 1.957495E+05 9.836835E+04 -1.957483E+03 -1.968970E+03 -3.639527E+02 1.745121E+20
-5.474388E+05 -3.818420E+05 2.527671E+05 -2.017316E+03 6.117035E+02 -2.079368E+02 9.335912E+20
1.700952E+05 3.853822E+05 5.092139E+05 -1.443326E+03 2.426227E+03 -1.694808E+03 2.513032E+20
1.834817E+05 3.739611E+05 5.765588E+05 -8.615835E+02 -2.532152E+03 1.847644E+02 9.461220E+20
-1.712381E+05 3.672732E+04 5.323329E+05 6.583265E+02 -1.107532E+03 1.868327E+03 9.124376E+20
5.709072E+05 -3.441342E+05 2.243428E+05 1.492555E+03 -8.681077E+02 -2.067264E+03 9.560717E+20
5.701822E+05 -5.994868E+05 -4.718261E+05 -1.762452E+03 -1.503201E+03 -4.946248E+02 2.275567E+20
-1.319278E+04 -2.216325E+05 5.038067E+05 6.434734E+02 -5.617459E+02 2.746512E+03 3.457372E+20
-5.104672E+05 3.988165E+05 -2.354571E+05 -1.710048E+03 -2.516697E+03 1.384690E+03 5.116651E+20
-3.995903E+05 5.119192E+05 5.706250E+05 -2.898436E+02 -2.632842E+03 2.472222E+03 6.207868E+20
5.287596E+05 -2.880060E+05 5.413105E+04 4.886796E+02 1.734674E+03 1.409715E+03 7.420144E+20
-1.341448E+05 -1.337056E+05 -5.581984E+05 -7.880498E+02 1.529935E+03 2.095079E+03 4.503647E+19
-3.004727E+05 -4.558806E+05 -5.179380E+05 1.686316E+03 1.879290E+03 -2.058065E+03 3.388631E+20
-4.906476E+05 -2.201047E+04 -5.403680E+05 -2.057084E+03 -2.640814E+03 -2.658809E+03 8.145589E+20
4.276357E+05 -1.281802E+05 2.168628E+05 2.137095E+03 5.109442E+02 2.189598E+03 3.665821E+20
-1.618119E+05 2.802525E+05 -4.624686E+05 -2.185075E+03 -1.179869E+03 -1.074697E+03 4.545308E+20
-9.287658E+04 1.628386E+04 -1.611159E+04 -1.748923E+03 2.934004E+03 -4.319644E+02 3.811585E+20
1.824491E+05 8.937682E+03 9.724340E+04 1.851146E+03 -2.804813E+03 2.157577E+03 1.206440E+20
-2.059688E+05 5.773348E+05 -5.249756E+05 -2.601630E+03 5.194286E+02 -9.049045E+02 8.692493E+20
4.233697E+05 1.336610E+05 -4.575568E+04 1.589711E+03 -1.035092E+03 9.180673E+01 2.684813E+20
-2.027794E+03 3.754963E+05 9.829654E+04 2.478786E+02 2.943182E+03 1.231401E+03 2.508937E+20
-4.468428E+05 -5.271052E+05 2.925184E+05 -1.419568E+03 1.558976E+03 -2.193789E+03 1.109685E+20
2.390939E+05 3.135300E+05 -1.979622E+05 1.816035E+03 -7.257421E+01 1.427428E+03 2.268488E+20
-1.865170E+05 4.578623E+05 5.616488E+05 -2.556446E+03 -9.732240E+02 1.645091E+02 5.223756E+20
2.930809E+05 3.052793E+05 1.757566E+05 -1.970322E+03 2.351488E+03 -1.405431E+03 2.710332E+19
-2.504631E+05 1.201775E+05 1.040410E+05 -1.283254E+03 -2.957918E+03 8.670190E+02 7.866652E+20
2.703746E+05 -1.379488E+05 2.699625E+05 1.128814E+02 2.801381E+02 -2.647407E+03 1.107419E+20
-7.622905E+04 -3.175991E+05 -5.431208E+05 -5.364812E+02 -1.996961E+03 1.855275E+03 4.214198E+20
-4.197707E+05 -4.370165E+05 -2.780227E+05 1.790391E+03 4.266440E+02 8.410090E+02 5.085787E+20
2.925016E+05 -3.807501E+04 -4.524245E+05 2.228004E+03 -2.480318E+03 -2.066380E+02 2.148515E+20
1.207616E+05 3.459000E+05 3.082746E+05 2.718271E+03 -8.909726E+02 -2.482773E+03 6.598362E+20
-1.848553E+05 -1.456409E+05 5.322623E+05 2.048138E+03 -5.338562E+02 -1.864871E+03 7.227237E+19
3.165673E+05 1.995253E+05 -9.560326E+04 -1.323040E+03 -1.933523E+03 -4.372382E+02 5.359668E+20
-4.946385E+05 -2.766914E+05 -4.292152E+04 -1.951303E+03 1.551676E+03 -2.481620E+03 2.775854E+20
-5.146021E+05 2.462278E+05 1.830350E+05 3.066229E+02 -2.095016E+03 -2.545313E+03 5.461638E+20
1.450468E+05 3.664861E+05 3.446859E+04 -1.631580E+03 1.888514E+03 1.429107E+03 2.703674E+20
8.069463E+04 2.021238E+05 -5.043231E+04 1.734736E+03 -3.847263E+02 -1.494068E+03 2.388245E+20
-8.744251E+04 -3.345147E+05 4.337442E+05 7.893642E+02 4.073410E+02 -1.536939E+03 4.837344E+20
-1.341907E+05 1.060917E+05 -5.342945E+05 7.616537E+02 -1.088906E+03 -2.726367E+03 6.636321E+20
-1.060036E+05 2.352850E+05 5.302565E+05 2.511482E+03 -1.479585E+03 -2.811333E+03 5.845902E+20
1.383935E+05 -3.577756E+05 -4.918723E+05 -1.549186E+03 -1.425312E+03 7.756961E+02 2.508658E+20
-1.650662E+05 3.736387E+04 4.630862E+05 2.950284E+03 -1.023377E+03 -2.489405E+03 5.450843E+20
2.253580E+05 3.413447E+04 5.544012E+05 1.168908E+03 1.547896E+02 1.127799E+03 2.431289E+20
-3.782561E+05 -3.158975E+05 1.147904E+05 -7.989792E+02 2.147299E+03 -1.517640E+03 3.846052E+20
-4.446928E+05 5.861297E+05 2.194759E+05 1.904877E+03 -2.949167E+03 -1.664130E+03 4.379676E+20
-4.315431E+05 -1.931554E+05 3.805291E+05 -1.249875E+03 -1.165839E+03 -1.528879E+03 1.442946E+20
3.922291E+05 -1.088806E+05 -2.946018E+05 -2.702106E+03 2.578195E+03 2.463020E+03 4.664009E+20
-4.369270E+05 3.685716E+05 3.373786E+05 1.829243E+03 2.714490E+02 -1.341504E+03 5.589715E+20
-2.425327E+05 -4.382708E+05 5.413504E+05 -2.817697E+03 -1.640075E+03 1.112658E+02 6.369770E+20
2.428126E+05 -3.287595E+05 -1.543640E+05 -2.406638E+03 2.310030E+03 1.151057E+03 9.927760E+20
3.833548E+05 -4.140263E+05 4.730808E+05 1.303237E+03 1.331028E+03 -1.227314E+03 7.440427E+20
1.808687E+05 -3.485825E+04 2.165123E+05 2.720578E+03 -2.975279E+03 1.194467E+03 3.042198E+20
-3.998684E+05 -6.460202E+04 -3.734721E+05 -1.037186E+03 -1.197730E+03 -5.463311E+02 9.771086E+20
1.954527E+05 2.151147E+05 4.270623E+05 -1.728692E+03 -1.222975E+03 -1.502027E+03 7.953544E+19
-5.145259E+05 3.470922E+05 2.169446E+05 2.015664E+03 -9.056473E+02 1.412209E+01 9.141888E+20
-1.683755E+05 1.224835E+05 4.731890E+05 -5.681685E+02 2.838035E+03 2.984318E+03 2.909974E+20
3.297649E+05 -4.025762E+04 5.080544E+05 -1.265948E+03 2.770235E+03 -2.229513E+03 2.970717E+20
-1.794708E+05 2.425014E+05 -1.708459E+05 1.232900E+03 1.442721E+03 -1.447327E+03 8.500535E+20
2.075980E+05 -1.407447E+05 -5.041153E+05 -3.933024E+02 1.979556E+03 3.292049E+01 8.722473E+20
2.070402E+05 3.828421E+05 -3.382883E+05 -1.850489E+02 8.177414E+02 1.959830E+02 6.227523E+19
-2.352847E+05 -9.752621E+04 2.257070E+05 -2.323883E+03 -7.982050E+02 2.932246E+03 2.891016E+20
-6.463063E+04 5.761736E+05 -4.241503E+05 9.916619E+02 1.672557E+03 2.014109E+03 5.929610E+20
-2.771984E+05 -1.748452E+05 -2.042394E+05 -2.106231E+03 -2.971585E+03 -1.159817E+03 5.037906E+20
4.252114E+05 -4.384201E+05 -1.479916E+05 -1.757838E+03 -1.825586E+02 2.223938E+03 2.621651E+20
5.428273E+05 3.470212E+05 5.173576E+05 -2.809372E+03 2.927241E+03 -2.406976E+02 6.819202E+20
-4.135291E+05 -9.540755E+04 2.507566E+05 -2.503016E+03 1.581355E+03 -2.332806E+03 5.852344E+20
-1.581654E+05 -2.040053E+04 2.027959E+05 -1.378847E+03 2.799000E+03 -2.237682E+03 8.008701E+20
3.682068E+04 -6.854065E+04 -2.966104E+05 -1.396227E+03 -1.256576E+03 2.430724E+03 7.990024E+20
5.512551E+05 5.293902E+05 6.682095E+04 1.731087E+03 6.852555E+02 -2.835150E+03 3.369364E+20
1.853370E+05 -5.569039E+05 -4.332673E+05 2.940930E+03 -2.398967E+03 7.473406E+02 9.844693E+20
1.339398E+05 -3.693174E+05 -5.873526E+05 -2.951236E+02 6.414298E+02 -2.944417E+03 1.236505E+20
2.959646E+05 4.822751E+05 -4.378018E+05 -6.252367E+02 -2.792176E+03 -2.896053E+02 7.669607E+20
-1.069109E+05 -4.646938E+04 -6.412112E+04 8.148286E+02 1.490818E+02 1.627002E+03 2.877188E+20
-4.976253E+04 1.940722E+05 1.203073E+05 -1.886062E+03 -2.099882E+03 -6.050022E+02 2.972420E+20
2.671421E+05 3.571088E+05 2.503962E+05 -9.620239E+02 -2.179809E+02 -1.850230E+03 4.704432E+19
3.672795E+05 -3.603399E+05 5.601332E+05 -9.862278E+02 3.150744E+02 -1.235828E+03 8.516022E+20
9.091863E+04 1.622674E+05 -1.857669E+05 2.756879E+03 1.100282E+03 -1.546086E+03 4.964930E+20
3.364177E+05 3.250822E+05 7.191726E+04 1.239078E+03 -1.048837E+03 1.004407E+03 8.567409E+20
-9.390991E+02 -1.998794E+04 -2.154035E+05 5.059654E+02 2.367561E+02 9.308435E+02 4.938661E+20
-4.094079E+05 3.863733E+05 -3.617818E+05 -1.551173E+03 5.734035E+02 -2.440636E+03 1.685156E+20
-5.460579E+05 5.319498E+05 5.313104E+05 1.619679E+03 2.106104E+02 1.677161E+03 9.540348E+20
3.817204E+05 5.093371E+05 -2.030724E+05 -5.939922E+02 1.552156E+03 -8.751735E+01 5.482719E+20
-4.534286E+04 1.897792E+04 1.781445E+03 1.465447E+03 -2.217883E+03 -2.287085E+03 3.635631E+20
5.544399E+05 3.471606E+05 -3.251175E+05 1.771137E+03 -1.328598E+03 -1.980493E+03 2.814202E+20
1.273919E+05 2.789560E+05 3.602344E+05 -2.385340E+03 2.339466E+03 2.967275E+02 7.075361E+20
1.619348E+05 4.293559E+05 -4.542407E+05 2.709782E+03 -2.034480E+03 4.191230E+02 1.023624E+20
3.962385E+05 -2.100856E+05 1.116149E+05 2.650618E+03 -1.327372E+03 -7.417280E+02 7.096347E+20
2.046471E+05 1.812650E+05 -4.479466E+05 1.340365E+03 -1.493983E+03 -8.628814E+02 6.602178E+20
4.766071E+05 3.566089E+05 -3.924032E+05 -4.263278E+02 2.203732E+03 -5.360542E+02 2.392357E+20
1.975437E+05 -2.021138E+05 -3.951780E+05 2.886129E+03 -1.921227E+02 8.878561E+01 4.387662E+20
-4.030823E+05 -3.265260E+05 -9.541699E+04 1.458250E+03 -7.785658E+02 1.053528E+03 7.611311E+20
4.152992E+05 3.473340E+05 5.405406E+05 -2.029013E+03 -1.048886E+03 1.887063E+03 1.875534E+20
-4.019139E+05 -2.828637E+05 -2.621713E+05 -1.270147E+03 1.821203E+03 6.996236E+02 7.472076E+20
1.915258E+05 1.777419E+05 -6.715133E+04 -9.709031E+02 -1.708231E+03 -1.735638E+02 4.471926E+20
4.211473E+04 -2.330996E+04 3.694850E+05 -2.923377E+03 -2.097003E+03 -3.261634E+02 6.449692E+20
1.631305E+05 -3.139548E+04 3.989421E+05 -8.458926E+02 2.113984E+03 -2.854943E+03 4.390577E+20
-2.319363E+05 -3.639611E+05 2.291170E+05 1.022232E+03 -1.562321E+03 -1.942106E+03 9.715363E+20
-3.760326E+05 -5.394771E+05 -2.367318E+05 3.947620E+02 -8.351862E+01 2.234056E+03 2.055599E+20
3.811432E+05 -6.865574E+04 -2.880001E+05 4.482598E+02 -1.625352E+03 1.370042E+03 7.545818E+20
3.121466E+05 3.620531E+05 1.505000E+05 9.705125E+02 -1.541996E+03 2.104906E+02 2.201854E+20
3.015748E+04 5.065843E+05 -2.395012E+05 -2.950424E+03 3.182073E+02 -2.566764E+03 8.285652E+20
4.713805E+04 5.167390E+05 -2.455858E+05 -1.000883E+03 2.109195E+03 2.803797E+02 1.919543E+19
-4.133439E+05 -2.769977E+04 -2.793016E+05 5.903031E+02 -2.156546E+03 -6.006273E+02 6.634910E+20
-4.570943E+05 2.305047E+04 2.490308E+05 1.189149E+03 -2.175321E+03 -2.056442E+03 9.452630E+20
2.793865E+05 1.396126E+05 -2.923937E+05 -1.259725E+03 8.862669E+02 -1.870194E+03 1.111549E+20
-9.213712E+04 3.827981E+05 3.360269E+05 1.516950E+03 2.198888E+03 1.704415E+03 4.900611E+20
3.221744E+04 5.694624E+05 3.592036E+05 -7.510637E+02 -7.543996E+02 -2.722241E+03 8.575426E+20
2.229026E+05 2.744788E+05 -3.107618E+05 -8.268183E+02 7.147060E+01 1.256714E+03 4.495357E+20
2.188712E+05 5.169926E+05 2.189086E+05 -3.685163E+02 -1.441862E+03 2.196417E+03 4.452244E+20
5.210635E+05 1.686904E+05 1.110798E+04 -1.730957E+03 -2.327298E+03 1.990745E+03 4.778936E+20
5.869692E+05 3.684129E+05 1.634641E+05 1.076012E+03 1.098469E+02 -6.049428E+02 3.054160E+20
3.285820E+05 3.980487E+03 -5.753022E+05 -2.956911E+03 -1.485113E+02 -1.972827E+03 4.190782E+20
-1.530069E+05 5.155491E+05 -2.109447E+05 2.484709E+03 -1.151108E+03 -4.921671E+02 2.992962E+20
-4.849179E+05 -1.031994E+05 4.648234E+05 -2.283965E+03 7.827447E+02 -2.129817E+03 2.582033E+20
2.176468E+05 5.709273E+05 -4.980023E+05 2.664643E+03 -2.967029E+03 -1.165614E+03 4.764842E+20
2.455796E+05 -4.486687E+05 3.677307E+05 2.400642E+03 -2.159306E+03 -1.520098E+03 5.877189E+19
-3.554119E+05 4.184351E+05 -4.571698E+05 -1.624081E+03 1.568625E+03 1.233527E+03 7.492419E+20
4.917502E+04 2.938941E+05 3.948711E+05 -1.125664E+03 -1.541303E+01 6.155367E+02 6.382510E+20
-3.206443E+04 5.282370E+05 -1.830087E+05 -2.097286E+02 1.518195E+03 1.353959E+03 4.318602E+20
8.649756E+04 7.548627E+04 2.985859E+05 -6.373554E+02 -4.396990E+02 2.441356E+03 4.458117E+20
4.829332E+05 -7.510022E+04 2.235945E+05 -1.367001E+03 2.948615E+03 -1.949250E+03 5.659152E+20
3.586269E+05 -5.580599E+05 -1.565026E+05 2.106760E+03 -1.687385E+03 7.326275E+02 7.932684E+20
1.257658E+05 -3.608182E+05 1.638785E+04 -1.989792E+03 5.858620E+02 1.784898E+03 1.417060E+20
-2.884414E+05 5.801108E+05 -3.409765E+05 1.753883E+03 2.753077E+03 -1.120022E+03 4.677781E+20
1.373512E+05 -2.097623E+05 -4.687230E+05 -6.090701E+02 -1.676568E+03 -1.334335E+02 4.882732E+20
1.629174E+05 1.639294E+05 -2.270342E+05 -5.683116E+02 2.015509E+03 1.851189E+03 3.417782E+20
1.163857E+05 -2.138687E+05 5.053830E+05 2.361160E+03 3.553466E+02 1.694524E+03 7.463972E+20
4.627873E+05 -6.757210E+04 -3.759831E+05 2.730027E+00 -3.770624E+02 -1.340162E+03 1.152912E+20
-3.056843E+05 4.310200E+05 4.760916E+05 2.955713E+03 -3.052937E+02 -7.440412E+02 4.510273E+20
5.816704E+05 -5.621767E+05 -4.882149E+05 -2.774965E+03 -1.797070E+03 2.582460E+03 1.916347E+20
3.447498E+05 3.001637E+05 -2.560958E+05 -1.182861E+03 -1.090688E+03 -1.630269E+03 4.908940E+20
-4.995264E+05 -5.619249E+04 -3.755382E+05 3.872405E+01 -5.728568E+02 -1.564547E+02 3.455330E+20
-1.118809E+05 -5.848754E+05 -9.652227E+04 -1.420032E+03 3.043309E+02 -6.261437E+02 2.289426E+20
2.478068E+05 -2.390696E+05 7.558147E+04 1.837013E+03 1.359170E+03 2.781885E+03 2.498719E+20
4.918330E+05 -3.706095E+05 -2.488694E+04 8.347638E+02 -2.353405E+03 -1.388846E+03 7.134303E+20
4.703949E+05 -4.152741E+05 2.297786E+05 -1.491189E+03 -2.892258E+03 -1.573401E+02 7.329431E+20
1.563349E+05 1.367109E+05 4.035570E+05 -2.115177E+03 3.317253E+02 -2.726175E+03 6.056147E+20
4.420189E+05 -2.835257E+04 2.874252E+05 2.001519E+03 1.831947E+03 -7.063354E+01 2.214443E+19
1.202969E+05 -5.804580E+04 4.182605E+04 -1.526350E+03 8.135628E+02 2.952656E+03 6.397732E+20
-4.442296E+05 3.715095E+05 7.478452E+04 -7.055756E+02 -1.489786E+03 7.199626E+02 3.519846E+20
-5.404996E+04 5.839957E+05 -3.133090E+05 -2.608695E+03 -1.389582E+03 2.839551E+03 9.703242E+20
3.618551E+05 -4.539615E+05 -2.216787E+05 -2.790599E+03 -1.493765E+02 2.727913E+03 9.145793E+20
-2.371649E+05 3.336754E+05 -1.624866E+05 -2.581582E+03 -1.544329E+03 -1.270043E+02 1.192570E+20
1.549128E+05 -5.801821E+05 -4.619844E+05 1.267707E+03 1.595864E+03 1.990810E+02 4.462368E+20
-1.866975E+05 4.636880E+05 1.577693E+05 -2.223715E+03 -6.338828E+02 4.458220E+02 9.329044E+20
-3.383754E+05 -4.502661E+05 4.275117E+05 -1.936222E+03 1.595747E+03 -2.747446E+03 8.356312E+20
2.286491E+05 5.382747E+05 3.547864E+05 -4.082118E+02 -2.742199E+03 1.012534E+03 5.603483E+20
4.662316E+05 4.269203E+05 4.680145E+05 -1.638917E+02 1.874428E+03 1.946397E+03 3.690861E+20
-4.038631E+04 -1.232804E+05 1.439868E+04 -8.612372E+02 5.884563E+02 -2.167640E+03 7.082305E+20
4.665212E+05 -4.667334E+05 -3.009332E+04 -1.789449E+03 -5.188139E+02 -1.444256E+03 4.231886E+20
-2.112266E+05 -1.754459E+05 3.207739E+05 1.632024E+03 -5.356962E+02 2.105681E+03 1.833719E+20
1.423627E+05 -2.092275E+05 4.051397E+05 2.840851E+03 1.182201E+03 1.283375E+03 9.654407E+20
5.346657E+05 4.936764E+05 -1.764461E+05 -2.839897E+03 1.070216E+03 1.684794E+03 6.447746E+19
-2.821478E+05 -1.059159E+04 -1.896975E+05 -2.942031E+03 2.413157E+03 6.802669E+02 2.217798E+20
-4.921655E+05 4.561272E+05 -4.164255E+05 1.564558E+03 1.830187E+03 1.731537E+03 9.851380E+19
-3.408278E+05 -4.182390E+05 3.611818E+05 -2.407558E+03 1.500229E+03 1.581611E+03 5.540921E+20
5.861444E+05 -3.943914E+05 -1.905350E+05 1.980230E+03 2.535983E+03 2.890243E+03 5.599560E+20
4.867253E+05 -2.740778E+05 -4.248750E+05 -2.495282E+03 -4.450863E+02 -2.379313E+03 4.625470E+20
-1.997974E+05 1.665674E+05 -3.500901E+05 -1.834330E+03 2.003558E+03 2.207523E+03 4.103513E+20
3.261102E+04 -8.346733E+04 -1.923933E+05 -1.815795E+03 -4.560720E+02 -1.046369E+03 9.670468E+20
-3.756578E+05 4.904269E+05 1.163007E+04 2.184336E+03 -2.070560E+03 -2.931683E+03 6.827858E+20
-6.367205E+04 -2.162183E+05 5.345710E+04 1.552412E+03 -2.448702E+03 -2.230872E+03 5.383215E+20
-3.107130E+05 -2.477398E+04 -5.922042E+05 2.808098E+03 -3.084512E+02 -1.810571E+03 2.732707E+20
-2.933955E+05 3.583019E+05 2.890401E+05 -2.332063E+03 -2.569520E+03 -1.983073E+02 2.156311E+20
-1.374942E+05 -1.574487E+05 -3.569837E+05 2.790842E+02 1.441537E+03 8.228898E+02 5.231129E+20
1.416605E+05 -8.240254E+04 4.392793E+05 -2.311576E+03 -1.477516E+03 1.539129E+03 6.727152E+20
-1.858459E+05 4.854803E+05 4.262337E+05 -2.695737E+03 -1.946344E+03 -1.100077E+02 6.023626E+20
5.500964E+05 -1.730650E+05 1.133713E+04 1.628505E+03 9.689490E+02 -1.333158E+03 3.420307E+20
-5.214357E+05 -1.244122E+05 2.778936E+05 -7.975741E+02 2.496435E+03 1.672706E+03 5.890347E+19
-2.600505E+05 5.319942E+04 3.856160E+05 2.345966E+03 1.248108E+03 -1.661949E+03 2.325523E+20
-4.191821E+05 -1.715860E+05 -8.041861E+04 -8.149347E+02 -7.130534E+02 -2.060197E+03 7.132458E+20
-3.495381E+05 4.725532E+05 2.301252E+05 3.360788E+02 -2.002121E+03 -2.512344E+03 9.177027E+20
-5.934067E+04 -4.706511E+05 -5.968553E+05 -1.745871E+02 1.588047E+03 -2.635250E+03 7.084125E+20
5.925747E+05 2.710788E+05 -3.620125E+05 -8.149972E+02 -1.213700E+03 1.040346E+03 7.680159E+20
